         0          0          0          0          0          0          0          0          0          0          0          0          0          0          0          0 
         0          0          0          0          0          0          0          0          0          0          0          0          0          0          0          0 
         0          0          0          0          0          0          0          0          0          0          0          0          0          0          0          0 
         0          0          0          0          0          0          0          0          0          0          0          0          0          0          0          0 
         0          0          0          0          0          0          0          0          0          0          0          0          0          0          0          0 
         0          0          0          0          0          0          0          0          0          0          0          0          0          0          0          0 
         0          0          0          0          0          0          0          0          0          0          0          0          0          0          0          0 
         0          0          0          0          0          0          0          0          0          0          0          0          0          0          0          0 
         0          0          0          0          0          0          0          0          0          0          0          0          0          0          0          0 
         0          0          0          0          0          0          0          0          0          0          0          0          0          0          0          0 
         0          0          0          0          0          0          0          0          0          0          0          0          0          0          0          0 
         0          0          0          0          0          0          0          0          0          0          0          0          0          0          0          0 
         0          0          0          0          0          0          0          0          0          0          0          0          0          0          0          0 
         0          0          0          0          0          0          0          0          0          0          0          0          0          0          0          0 
         0          0          0          0          0          0          0          0          0          0          0          0          0          0          0          0 
         0          0          0          0          0          0          0          0          0          0          0          0          0          0          0          0 
         0          0          0          0          0          0          0          0          0          0          0          0          0          0          0          0 
         0          0          0          0          0          0          0          0          0          0          0          0          0          0          0          0 
         0          0          0          0          0          0          0          0          0          0          0          0          0          0          0          0 
         0          0          0          0          0          0          0          0          0          0          0          0          0          0          0          0 
         0          0          0          0          0          0          0          0          0          0          0          0          0          0          0          0 
         0          0          0          0          0          0          0          0          0          0          0          0          0          0          0          0 
         0          0          0          0          0          0          0          0          0          0          0          0          0          0          0          0 
         0          0          0          0          0          0          0          0          0          0          0          0          0          0          0          0 
3084262950 2393890915 2299969921 3915807353 3589047653  767438606 2393890915 2299969921 3915807353 3589047653  767438606 2393890915 2299969921 3915807353 3589047653 2299969921 
3942307028 1131107010  974921452 2415905763 3750103401 3594152867 1131107010  974921452 2415905763 3750103401 3594152867 1131107010  974921452 2415905763 3750103401  974921452 
1147401490  313271074 1715480381  906221648 2777448180  873831940  313271074 1715480381  906221648 2777448180  873831940  313271074 1715480381  906221648 2777448180 1715480381 
3836190307 1712134133 1533031178 1811130978 3459358163 3696215548 1712134133 1533031178 1811130978 3459358163 3696215548 1712134133 1533031178 1811130978 3459358163 1533031178 
2691658490 1819742583 1587120690 1363722684 2880304177 1030557474 1819742583 1587120690 1363722684 2880304177 1030557474 1819742583 1587120690 1363722684 2880304177 1587120690 
1131594449 2374399878 1169488770 1875805008 2031340912 1217224202 2374399878 1169488770 1875805008 2031340912 1217224202 2374399878 1169488770 1875805008 2031340912 1169488770 
2487950290 4136185363 1198359628 2358402383 4222120426 3853494690 4136185363 1198359628 2358402383 4222120426 3853494690 4136185363 1198359628 2358402383 4222120426 1198359628 
1157030622 1264998780 3272402031  670114346 3312542149 1900108166 1264998780 3272402031  670114346 3312542149 1900108166 1264998780 3272402031  670114346 3312542149 3272402031 
