         0          0          0          0          0          0          0          0          0          0          0          0          0          0          0          0 
         0          0          0          0          0          0          0          0          0          0          0          0          0          0          0          0 
         0          0          0          0          0          0          0          0          0          0          0          0          0          0          0          0 
         0          0          0          0          0          0          0          0          0          0          0          0          0          0          0          0 
         0          0          0          0          0          0          0          0          0          0          0          0          0          0          0          0 
         0          0          0          0          0          0          0          0          0          0          0          0          0          0          0          0 
         0          0          0          0          0          0          0          0          0          0          0          0          0          0          0          0 
         0          0          0          0          0          0          0          0          0          0          0          0          0          0          0          0 
4264361913  629494100 1391727498 3221586984  892175493 1762969977 3267559951 1859489448 2177540128 1997621127 2536274480  436965162  713973775  267412628 2394318128 2994222258 
2297854696  123988373 2887118244 3471807813 2427669655 2565183763  846069764 3617288016 4241287223  370873874 4191288643 2144203703 3345056676 3332161185 4030334824 1206977751 
3788193497 1949118157 4255213538 1371182714 1490913410 2608231615 2102024966 2802609192 3264012600  759100058 4053308577 3372962217 1521525981 2163027098 1069532795 1760782087 
2511422357 4087488960 4031607006 1256537082 3333534199 3437902518 2187196782  860119961  117119801 3714093590 1764336187 2531915618 3514010337 1584133742 2434796974  141983220 
 493469466  641982448 3038157821    5375482 2186765790 2262711545 3540622363 3214749807 4188417773 3013325642 4033633996 3420940920 3594215301  761379582 2616460905  714741677 
3076802087 1985103190 1619495019 1719213353  321366562 2796381784 1851412887 1707367127 1400746833  390357110  993727060 3996929368  398350474 3625452641 3726605076 4123801423 
2212028357  908191526  160646679 3211844184  491222732 2718058047 2988297962  528178509 2138211123 4095748702   32914432 2831556045 3366923145 1048725333 4221708801 3955152329 
1314134620 3299290990 4194563753 3534352633 2368368387 3408091454 2578818941 1167434850 1064014690 3102792065 4165680515 3724712123 2886523757  410039706 2345293513 1169219065 
