         0          0          0          0          0          0          0          0          0          0          0          0          0          0          0          0 
         0          0          0          0          0          0          0          0          0          0          0          0          0          0          0          0 
         0          0          0          0          0          0          0          0          0          0          0          0          0          0          0          0 
         0          0          0          0          0          0          0          0          0          0          0          0          0          0          0          0 
         0          0          0          0          0          0          0          0          0          0          0          0          0          0          0          0 
         0          0          0          0          0          0          0          0          0          0          0          0          0          0          0          0 
         0          0          0          0          0          0          0          0          0          0          0          0          0          0          0          0 
         0          0          0          0          0          0          0          0          0          0          0          0          0          0          0          0 
         0          0          0          0          0          0          0          0          0          0          0          0          0          0          0          0 
         0          0          0          0          0          0          0          0          0          0          0          0          0          0          0          0 
         0          0          0          0          0          0          0          0          0          0          0          0          0          0          0          0 
         0          0          0          0          0          0          0          0          0          0          0          0          0          0          0          0 
         0          0          0          0          0          0          0          0          0          0          0          0          0          0          0          0 
         0          0          0          0          0          0          0          0          0          0          0          0          0          0          0          0 
         0          0          0          0          0          0          0          0          0          0          0          0          0          0          0          0 
         0          0          0          0          0          0          0          0          0          0          0          0          0          0          0          0 
         0          0          0          0          0          0          0          0          0          0          0          0          0          0          0          0 
         0          0          0          0          0          0          0          0          0          0          0          0          0          0          0          0 
         0          0          0          0          0          0          0          0          0          0          0          0          0          0          0          0 
         0          0          0          0          0          0          0          0          0          0          0          0          0          0          0          0 
         0          0          0          0          0          0          0          0          0          0          0          0          0          0          0          0 
         0          0          0          0          0          0          0          0          0          0          0          0          0          0          0          0 
         0          0          0          0          0          0          0          0          0          0          0          0          0          0          0          0 
         0          0          0          0          0          0          0          0          0          0          0          0          0          0          0          0 
         0          0          0          0          0          0          0          0          0          0          0          0          0          0          0          0 
         0          0          0          0          0          0          0          0          0          0          0          0          0          0          0          0 
         0          0          0          0          0          0          0          0          0          0          0          0          0          0          0          0 
         0          0          0          0          0          0          0          0          0          0          0          0          0          0          0          0 
         0          0          0          0          0          0          0          0          0          0          0          0          0          0          0          0 
         0          0          0          0          0          0          0          0          0          0          0          0          0          0          0          0 
         0          0          0          0          0          0          0          0          0          0          0          0          0          0          0          0 
         0          0          0          0          0          0          0          0          0          0          0          0          0          0          0          0 
         0          0          0          0          0          0          0          0          0          0          0          0          0          0          0          0 
         0          0          0          0          0          0          0          0          0          0          0          0          0          0          0          0 
         0          0          0          0          0          0          0          0          0          0          0          0          0          0          0          0 
         0          0          0          0          0          0          0          0          0          0          0          0          0          0          0          0 
         0          0          0          0          0          0          0          0          0          0          0          0          0          0          0          0 
         0          0          0          0          0          0          0          0          0          0          0          0          0          0          0          0 
         0          0          0          0          0          0          0          0          0          0          0          0          0          0          0          0 
         0          0          0          0          0          0          0          0          0          0          0          0          0          0          0          0 
         0          0          0          0          0          0          0          0          0          0          0          0          0          0          0          0 
         0          0          0          0          0          0          0          0          0          0          0          0          0          0          0          0 
         0          0          0          0          0          0          0          0          0          0          0          0          0          0          0          0 
         0          0          0          0          0          0          0          0          0          0          0          0          0          0          0          0 
         0          0          0          0          0          0          0          0          0          0          0          0          0          0          0          0 
         0          0          0          0          0          0          0          0          0          0          0          0          0          0          0          0 
         0          0          0          0          0          0          0          0          0          0          0          0          0          0          0          0 
         0          0          0          0          0          0          0          0          0          0          0          0          0          0          0          0 
         0          0          0          0          0          0          0          0          0          0          0          0          0          0          0          0 
         0          0          0          0          0          0          0          0          0          0          0          0          0          0          0          0 
         0          0          0          0          0          0          0          0          0          0          0          0          0          0          0          0 
         0          0          0          0          0          0          0          0          0          0          0          0          0          0          0          0 
         0          0          0          0          0          0          0          0          0          0          0          0          0          0          0          0 
         0          0          0          0          0          0          0          0          0          0          0          0          0          0          0          0 
         0          0          0          0          0          0          0          0          0          0          0          0          0          0          0          0 
         0          0          0          0          0          0          0          0          0          0          0          0          0          0          0          0 
         0          0          0          0          0          0          0          0          0          0          0          0          0          0          0          0 
         0          0          0          0          0          0          0          0          0          0          0          0          0          0          0          0 
         0          0          0          0          0          0          0          0          0          0          0          0          0          0          0          0 
         0          0          0          0          0          0          0          0          0          0          0          0          0          0          0          0 
         0          0          0          0          0          0          0          0          0          0          0          0          0          0          0          0 
         0          0          0          0          0          0          0          0          0          0          0          0          0          0          0          0 
         0          0          0          0          0          0          0          0          0          0          0          0          0          0          0          0 
         0          0          0          0          0          0          0          0          0          0          0          0          0          0          0          0 
         0          0          0          0          0          0          0          0          0          0          0          0          0          0          0          0 
         0          0          0          0          0          0          0          0          0          0          0          0          0          0          0          0 
         0          0          0          0          0          0          0          0          0          0          0          0          0          0          0          0 
         0          0          0          0          0          0          0          0          0          0          0          0          0          0          0          0 
         0          0          0          0          0          0          0          0          0          0          0          0          0          0          0          0 
         0          0          0          0          0          0          0          0          0          0          0          0          0          0          0          0 
         0          0          0          0          0          0          0          0          0          0          0          0          0          0          0          0 
         0          0          0          0          0          0          0          0          0          0          0          0          0          0          0          0 
         0          0          0          0          0          0          0          0          0          0          0          0          0          0          0          0 
         0          0          0          0          0          0          0          0          0          0          0          0          0          0          0          0 
         0          0          0          0          0          0          0          0          0          0          0          0          0          0          0          0 
         0          0          0          0          0          0          0          0          0          0          0          0          0          0          0          0 
         0          0          0          0          0          0          0          0          0          0          0          0          0          0          0          0 
         0          0          0          0          0          0          0          0          0          0          0          0          0          0          0          0 
         0          0          0          0          0          0          0          0          0          0          0          0          0          0          0          0 
         0          0          0          0          0          0          0          0          0          0          0          0          0          0          0          0 
         0          0          0          0          0          0          0          0          0          0          0          0          0          0          0          0 
         0          0          0          0          0          0          0          0          0          0          0          0          0          0          0          0 
         0          0          0          0          0          0          0          0          0          0          0          0          0          0          0          0 
         0          0          0          0          0          0          0          0          0          0          0          0          0          0          0          0 
         0          0          0          0          0          0          0          0          0          0          0          0          0          0          0          0 
         0          0          0          0          0          0          0          0          0          0          0          0          0          0          0          0 
         0          0          0          0          0          0          0          0          0          0          0          0          0          0          0          0 
         0          0          0          0          0          0          0          0          0          0          0          0          0          0          0          0 
         0          0          0          0          0          0          0          0          0          0          0          0          0          0          0          0 
         0          0          0          0          0          0          0          0          0          0          0          0          0          0          0          0 
         0          0          0          0          0          0          0          0          0          0          0          0          0          0          0          0 
         0          0          0          0          0          0          0          0          0          0          0          0          0          0          0          0 
         0          0          0          0          0          0          0          0          0          0          0          0          0          0          0          0 
         0          0          0          0          0          0          0          0          0          0          0          0          0          0          0          0 
         0          0          0          0          0          0          0          0          0          0          0          0          0          0          0          0 
         0          0          0          0          0          0          0          0          0          0          0          0          0          0          0          0 
         0          0          0          0          0          0          0          0          0          0          0          0          0          0          0          0 
         0          0          0          0          0          0          0          0          0          0          0          0          0          0          0          0 
         0          0          0          0          0          0          0          0          0          0          0          0          0          0          0          0 
         0          0          0          0          0          0          0          0          0          0          0          0          0          0          0          0 
         0          0          0          0          0          0          0          0          0          0          0          0          0          0          0          0 
         0          0          0          0          0          0          0          0          0          0          0          0          0          0          0          0 
         0          0          0          0          0          0          0          0          0          0          0          0          0          0          0          0 
         0          0          0          0          0          0          0          0          0          0          0          0          0          0          0          0 
         0          0          0          0          0          0          0          0          0          0          0          0          0          0          0          0 
         0          0          0          0          0          0          0          0          0          0          0          0          0          0          0          0 
         0          0          0          0          0          0          0          0          0          0          0          0          0          0          0          0 
         0          0          0          0          0          0          0          0          0          0          0          0          0          0          0          0 
         0          0          0          0          0          0          0          0          0          0          0          0          0          0          0          0 
         0          0          0          0          0          0          0          0          0          0          0          0          0          0          0          0 
         0          0          0          0          0          0          0          0          0          0          0          0          0          0          0          0 
         0          0          0          0          0          0          0          0          0          0          0          0          0          0          0          0 
         0          0          0          0          0          0          0          0          0          0          0          0          0          0          0          0 
         0          0          0          0          0          0          0          0          0          0          0          0          0          0          0          0 
         0          0          0          0          0          0          0          0          0          0          0          0          0          0          0          0 
         0          0          0          0          0          0          0          0          0          0          0          0          0          0          0          0 
         0          0          0          0          0          0          0          0          0          0          0          0          0          0          0          0 
         0          0          0          0          0          0          0          0          0          0          0          0          0          0          0          0 
         0          0          0          0          0          0          0          0          0          0          0          0          0          0          0          0 
         0          0          0          0          0          0          0          0          0          0          0          0          0          0          0          0 
         0          0          0          0          0          0          0          0          0          0          0          0          0          0          0          0 
         0          0          0          0          0          0          0          0          0          0          0          0          0          0          0          0 
         0          0          0          0          0          0          0          0          0          0          0          0          0          0          0          0 
         0          0          0          0          0          0          0          0          0          0          0          0          0          0          0          0 
         0          0          0          0          0          0          0          0          0          0          0          0          0          0          0          0 
         0          0          0          0          0          0          0          0          0          0          0          0          0          0          0          0 
         0          0          0          0          0          0          0          0          0          0          0          0          0          0          0          0 
         0          0          0          0          0          0          0          0          0          0          0          0          0          0          0          0 
         0          0          0          0          0          0          0          0          0          0          0          0          0          0          0          0 
         0          0          0          0          0          0          0          0          0          0          0          0          0          0          0          0 
         0          0          0          0          0          0          0          0          0          0          0          0          0          0          0          0 
         0          0          0          0          0          0          0          0          0          0          0          0          0          0          0          0 
         0          0          0          0          0          0          0          0          0          0          0          0          0          0          0          0 
         0          0          0          0          0          0          0          0          0          0          0          0          0          0          0          0 
         0          0          0          0          0          0          0          0          0          0          0          0          0          0          0          0 
         0          0          0          0          0          0          0          0          0          0          0          0          0          0          0          0 
         0          0          0          0          0          0          0          0          0          0          0          0          0          0          0          0 
         0          0          0          0          0          0          0          0          0          0          0          0          0          0          0          0 
         0          0          0          0          0          0          0          0          0          0          0          0          0          0          0          0 
         0          0          0          0          0          0          0          0          0          0          0          0          0          0          0          0 
         0          0          0          0          0          0          0          0          0          0          0          0          0          0          0          0 
         0          0          0          0          0          0          0          0          0          0          0          0          0          0          0          0 
         0          0          0          0          0          0          0          0          0          0          0          0          0          0          0          0 
         0          0          0          0          0          0          0          0          0          0          0          0          0          0          0          0 
         0          0          0          0          0          0          0          0          0          0          0          0          0          0          0          0 
         0          0          0          0          0          0          0          0          0          0          0          0          0          0          0          0 
         0          0          0          0          0          0          0          0          0          0          0          0          0          0          0          0 
         0          0          0          0          0          0          0          0          0          0          0          0          0          0          0          0 
         0          0          0          0          0          0          0          0          0          0          0          0          0          0          0          0 
         0          0          0          0          0          0          0          0          0          0          0          0          0          0          0          0 
         0          0          0          0          0          0          0          0          0          0          0          0          0          0          0          0 
         0          0          0          0          0          0          0          0          0          0          0          0          0          0          0          0 
         0          0          0          0          0          0          0          0          0          0          0          0          0          0          0          0 
         0          0          0          0          0          0          0          0          0          0          0          0          0          0          0          0 
         0          0          0          0          0          0          0          0          0          0          0          0          0          0          0          0 
         0          0          0          0          0          0          0          0          0          0          0          0          0          0          0          0 
         0          0          0          0          0          0          0          0          0          0          0          0          0          0          0          0 
         0          0          0          0          0          0          0          0          0          0          0          0          0          0          0          0 
         0          0          0          0          0          0          0          0          0          0          0          0          0          0          0          0 
         0          0          0          0          0          0          0          0          0          0          0          0          0          0          0          0 
         0          0          0          0          0          0          0          0          0          0          0          0          0          0          0          0 
         0          0          0          0          0          0          0          0          0          0          0          0          0          0          0          0 
         0          0          0          0          0          0          0          0          0          0          0          0          0          0          0          0 
         0          0          0          0          0          0          0          0          0          0          0          0          0          0          0          0 
         0          0          0          0          0          0          0          0          0          0          0          0          0          0          0          0 
         0          0          0          0          0          0          0          0          0          0          0          0          0          0          0          0 
         0          0          0          0          0          0          0          0          0          0          0          0          0          0          0          0 
         0          0          0          0          0          0          0          0          0          0          0          0          0          0          0          0 
         0          0          0          0          0          0          0          0          0          0          0          0          0          0          0          0 
         0          0          0          0          0          0          0          0          0          0          0          0          0          0          0          0 
         0          0          0          0          0          0          0          0          0          0          0          0          0          0          0          0 
         0          0          0          0          0          0          0          0          0          0          0          0          0          0          0          0 
         0          0          0          0          0          0          0          0          0          0          0          0          0          0          0          0 
         0          0          0          0          0          0          0          0          0          0          0          0          0          0          0          0 
         0          0          0          0          0          0          0          0          0          0          0          0          0          0          0          0 
         0          0          0          0          0          0          0          0          0          0          0          0          0          0          0          0 
         0          0          0          0          0          0          0          0          0          0          0          0          0          0          0          0 
         0          0          0          0          0          0          0          0          0          0          0          0          0          0          0          0 
         0          0          0          0          0          0          0          0          0          0          0          0          0          0          0          0 
         0          0          0          0          0          0          0          0          0          0          0          0          0          0          0          0 
         0          0          0          0          0          0          0          0          0          0          0          0          0          0          0          0 
         0          0          0          0          0          0          0          0          0          0          0          0          0          0          0          0 
         0          0          0          0          0          0          0          0          0          0          0          0          0          0          0          0 
         0          0          0          0          0          0          0          0          0          0          0          0          0          0          0          0 
         0          0          0          0          0          0          0          0          0          0          0          0          0          0          0          0 
         0          0          0          0          0          0          0          0          0          0          0          0          0          0          0          0 
         0          0          0          0          0          0          0          0          0          0          0          0          0          0          0          0 
         0          0          0          0          0          0          0          0          0          0          0          0          0          0          0          0 
         0          0          0          0          0          0          0          0          0          0          0          0          0          0          0          0 
         0          0          0          0          0          0          0          0          0          0          0          0          0          0          0          0 
         0          0          0          0          0          0          0          0          0          0          0          0          0          0          0          0 
         0          0          0          0          0          0          0          0          0          0          0          0          0          0          0          0 
         0          0          0          0          0          0          0          0          0          0          0          0          0          0          0          0 
         0          0          0          0          0          0          0          0          0          0          0          0          0          0          0          0 
         0          0          0          0          0          0          0          0          0          0          0          0          0          0          0          0 
         0          0          0          0          0          0          0          0          0          0          0          0          0          0          0          0 
         0          0          0          0          0          0          0          0          0          0          0          0          0          0          0          0 
         0          0          0          0          0          0          0          0          0          0          0          0          0          0          0          0 
         0          0          0          0          0          0          0          0          0          0          0          0          0          0          0          0 
         0          0          0          0          0          0          0          0          0          0          0          0          0          0          0          0 
         0          0          0          0          0          0          0          0          0          0          0          0          0          0          0          0 
         0          0          0          0          0          0          0          0          0          0          0          0          0          0          0          0 
         0          0          0          0          0          0          0          0          0          0          0          0          0          0          0          0 
         0          0          0          0          0          0          0          0          0          0          0          0          0          0          0          0 
         0          0          0          0          0          0          0          0          0          0          0          0          0          0          0          0 
         0          0          0          0          0          0          0          0          0          0          0          0          0          0          0          0 
         0          0          0          0          0          0          0          0          0          0          0          0          0          0          0          0 
         0          0          0          0          0          0          0          0          0          0          0          0          0          0          0          0 
         0          0          0          0          0          0          0          0          0          0          0          0          0          0          0          0 
         0          0          0          0          0          0          0          0          0          0          0          0          0          0          0          0 
         0          0          0          0          0          0          0          0          0          0          0          0          0          0          0          0 
         0          0          0          0          0          0          0          0          0          0          0          0          0          0          0          0 
         0          0          0          0          0          0          0          0          0          0          0          0          0          0          0          0 
         0          0          0          0          0          0          0          0          0          0          0          0          0          0          0          0 
         0          0          0          0          0          0          0          0          0          0          0          0          0          0          0          0 
         0          0          0          0          0          0          0          0          0          0          0          0          0          0          0          0 
         0          0          0          0          0          0          0          0          0          0          0          0          0          0          0          0 
         0          0          0          0          0          0          0          0          0          0          0          0          0          0          0          0 
         0          0          0          0          0          0          0          0          0          0          0          0          0          0          0          0 
         0          0          0          0          0          0          0          0          0          0          0          0          0          0          0          0 
         0          0          0          0          0          0          0          0          0          0          0          0          0          0          0          0 
         0          0          0          0          0          0          0          0          0          0          0          0          0          0          0          0 
         0          0          0          0          0          0          0          0          0          0          0          0          0          0          0          0 
         0          0          0          0          0          0          0          0          0          0          0          0          0          0          0          0 
         0          0          0          0          0          0          0          0          0          0          0          0          0          0          0          0 
         0          0          0          0          0          0          0          0          0          0          0          0          0          0          0          0 
         0          0          0          0          0          0          0          0          0          0          0          0          0          0          0          0 
         0          0          0          0          0          0          0          0          0          0          0          0          0          0          0          0 
         0          0          0          0          0          0          0          0          0          0          0          0          0          0          0          0 
         0          0          0          0          0          0          0          0          0          0          0          0          0          0          0          0 
         0          0          0          0          0          0          0          0          0          0          0          0          0          0          0          0 
         0          0          0          0          0          0          0          0          0          0          0          0          0          0          0          0 
         0          0          0          0          0          0          0          0          0          0          0          0          0          0          0          0 
         0          0          0          0          0          0          0          0          0          0          0          0          0          0          0          0 
         0          0          0          0          0          0          0          0          0          0          0          0          0          0          0          0 
         0          0          0          0          0          0          0          0          0          0          0          0          0          0          0          0 
         0          0          0          0          0          0          0          0          0          0          0          0          0          0          0          0 
         0          0          0          0          0          0          0          0          0          0          0          0          0          0          0          0 
         0          0          0          0          0          0          0          0          0          0          0          0          0          0          0          0 
         0          0          0          0          0          0          0          0          0          0          0          0          0          0          0          0 
         0          0          0          0          0          0          0          0          0          0          0          0          0          0          0          0 
         0          0          0          0          0          0          0          0          0          0          0          0          0          0          0          0 
         0          0          0          0          0          0          0          0          0          0          0          0          0          0          0          0 
         0          0          0          0          0          0          0          0          0          0          0          0          0          0          0          0 
         0          0          0          0          0          0          0          0          0          0          0          0          0          0          0          0 
         0          0          0          0          0          0          0          0          0          0          0          0          0          0          0          0 
         0          0          0          0          0          0          0          0          0          0          0          0          0          0          0          0 
         0          0          0          0          0          0          0          0          0          0          0          0          0          0          0          0 
3153299413 1845317944 3153299413 1845317944 3153299413 1845317944 3153299413 1845317944 3153299413 1845317944 3153299413 1845317944 3153299413 1845317944 3153299413 1845317944 
 617009860   56883158  617009860   56883158  617009860   56883158  617009860   56883158  617009860   56883158  617009860   56883158  617009860   56883158  617009860   56883158 
3496664829  152576615 3496664829  152576615 3496664829  152576615 3496664829  152576615 3496664829  152576615 3496664829  152576615 3496664829  152576615 3496664829  152576615 
1096432934 1636993338 1096432934 1636993338 1096432934 1636993338 1096432934 1636993338 1096432934 1636993338 1096432934 1636993338 1096432934 1636993338 1096432934 1636993338 
3141347631 3558968986 3141347631 3558968986 3141347631 3558968986 3141347631 3558968986 3141347631 3558968986 3141347631 3558968986 3141347631 3558968986 3141347631 3558968986 
2557572564  226053085 2557572564  226053085 2557572564  226053085 2557572564  226053085 2557572564  226053085 2557572564  226053085 2557572564  226053085 2557572564  226053085 
3623547655 3175008156 3623547655 3175008156 3623547655 3175008156 3623547655 3175008156 3623547655 3175008156 3623547655 3175008156 3623547655 3175008156 3623547655 3175008156 
1830947273 3390537074 1830947273 3390537074 1830947273 3390537074 1830947273 3390537074 1830947273 3390537074 1830947273 3390537074 1830947273 3390537074 1830947273 3390537074 
