         0          0          0          0          0          0          0          0          0          0          0          0          0          0          0          0 
         0          0          0          0          0          0          0          0          0          0          0          0          0          0          0          0 
         0          0          0          0          0          0          0          0          0          0          0          0          0          0          0          0 
         0          0          0          0          0          0          0          0          0          0          0          0          0          0          0          0 
         0          0          0          0          0          0          0          0          0          0          0          0          0          0          0          0 
         0          0          0          0          0          0          0          0          0          0          0          0          0          0          0          0 
         0          0          0          0          0          0          0          0          0          0          0          0          0          0          0          0 
         0          0          0          0          0          0          0          0          0          0          0          0          0          0          0          0 
         0          0          0          0          0          0          0          0          0          0          0          0          0          0          0          0 
         0          0          0          0          0          0          0          0          0          0          0          0          0          0          0          0 
         0          0          0          0          0          0          0          0          0          0          0          0          0          0          0          0 
         0          0          0          0          0          0          0          0          0          0          0          0          0          0          0          0 
         0          0          0          0          0          0          0          0          0          0          0          0          0          0          0          0 
         0          0          0          0          0          0          0          0          0          0          0          0          0          0          0          0 
         0          0          0          0          0          0          0          0          0          0          0          0          0          0          0          0 
         0          0          0          0          0          0          0          0          0          0          0          0          0          0          0          0 
         0          0          0          0          0          0          0          0          0          0          0          0          0          0          0          0 
         0          0          0          0          0          0          0          0          0          0          0          0          0          0          0          0 
         0          0          0          0          0          0          0          0          0          0          0          0          0          0          0          0 
         0          0          0          0          0          0          0          0          0          0          0          0          0          0          0          0 
         0          0          0          0          0          0          0          0          0          0          0          0          0          0          0          0 
         0          0          0          0          0          0          0          0          0          0          0          0          0          0          0          0 
         0          0          0          0          0          0          0          0          0          0          0          0          0          0          0          0 
         0          0          0          0          0          0          0          0          0          0          0          0          0          0          0          0 
         0          0          0          0          0          0          0          0          0          0          0          0          0          0          0          0 
         0          0          0          0          0          0          0          0          0          0          0          0          0          0          0          0 
         0          0          0          0          0          0          0          0          0          0          0          0          0          0          0          0 
         0          0          0          0          0          0          0          0          0          0          0          0          0          0          0          0 
         0          0          0          0          0          0          0          0          0          0          0          0          0          0          0          0 
         0          0          0          0          0          0          0          0          0          0          0          0          0          0          0          0 
         0          0          0          0          0          0          0          0          0          0          0          0          0          0          0          0 
         0          0          0          0          0          0          0          0          0          0          0          0          0          0          0          0 
         0          0          0          0          0          0          0          0          0          0          0          0          0          0          0          0 
         0          0          0          0          0          0          0          0          0          0          0          0          0          0          0          0 
         0          0          0          0          0          0          0          0          0          0          0          0          0          0          0          0 
         0          0          0          0          0          0          0          0          0          0          0          0          0          0          0          0 
         0          0          0          0          0          0          0          0          0          0          0          0          0          0          0          0 
         0          0          0          0          0          0          0          0          0          0          0          0          0          0          0          0 
         0          0          0          0          0          0          0          0          0          0          0          0          0          0          0          0 
         0          0          0          0          0          0          0          0          0          0          0          0          0          0          0          0 
         0          0          0          0          0          0          0          0          0          0          0          0          0          0          0          0 
         0          0          0          0          0          0          0          0          0          0          0          0          0          0          0          0 
         0          0          0          0          0          0          0          0          0          0          0          0          0          0          0          0 
         0          0          0          0          0          0          0          0          0          0          0          0          0          0          0          0 
         0          0          0          0          0          0          0          0          0          0          0          0          0          0          0          0 
         0          0          0          0          0          0          0          0          0          0          0          0          0          0          0          0 
         0          0          0          0          0          0          0          0          0          0          0          0          0          0          0          0 
         0          0          0          0          0          0          0          0          0          0          0          0          0          0          0          0 
         0          0          0          0          0          0          0          0          0          0          0          0          0          0          0          0 
         0          0          0          0          0          0          0          0          0          0          0          0          0          0          0          0 
         0          0          0          0          0          0          0          0          0          0          0          0          0          0          0          0 
         0          0          0          0          0          0          0          0          0          0          0          0          0          0          0          0 
         0          0          0          0          0          0          0          0          0          0          0          0          0          0          0          0 
         0          0          0          0          0          0          0          0          0          0          0          0          0          0          0          0 
         0          0          0          0          0          0          0          0          0          0          0          0          0          0          0          0 
         0          0          0          0          0          0          0          0          0          0          0          0          0          0          0          0 
         0          0          0          0          0          0          0          0          0          0          0          0          0          0          0          0 
         0          0          0          0          0          0          0          0          0          0          0          0          0          0          0          0 
         0          0          0          0          0          0          0          0          0          0          0          0          0          0          0          0 
         0          0          0          0          0          0          0          0          0          0          0          0          0          0          0          0 
         0          0          0          0          0          0          0          0          0          0          0          0          0          0          0          0 
         0          0          0          0          0          0          0          0          0          0          0          0          0          0          0          0 
         0          0          0          0          0          0          0          0          0          0          0          0          0          0          0          0 
         0          0          0          0          0          0          0          0          0          0          0          0          0          0          0          0 
         0          0          0          0          0          0          0          0          0          0          0          0          0          0          0          0 
         0          0          0          0          0          0          0          0          0          0          0          0          0          0          0          0 
         0          0          0          0          0          0          0          0          0          0          0          0          0          0          0          0 
         0          0          0          0          0          0          0          0          0          0          0          0          0          0          0          0 
         0          0          0          0          0          0          0          0          0          0          0          0          0          0          0          0 
         0          0          0          0          0          0          0          0          0          0          0          0          0          0          0          0 
         0          0          0          0          0          0          0          0          0          0          0          0          0          0          0          0 
         0          0          0          0          0          0          0          0          0          0          0          0          0          0          0          0 
         0          0          0          0          0          0          0          0          0          0          0          0          0          0          0          0 
         0          0          0          0          0          0          0          0          0          0          0          0          0          0          0          0 
         0          0          0          0          0          0          0          0          0          0          0          0          0          0          0          0 
         0          0          0          0          0          0          0          0          0          0          0          0          0          0          0          0 
         0          0          0          0          0          0          0          0          0          0          0          0          0          0          0          0 
         0          0          0          0          0          0          0          0          0          0          0          0          0          0          0          0 
         0          0          0          0          0          0          0          0          0          0          0          0          0          0          0          0 
         0          0          0          0          0          0          0          0          0          0          0          0          0          0          0          0 
         0          0          0          0          0          0          0          0          0          0          0          0          0          0          0          0 
         0          0          0          0          0          0          0          0          0          0          0          0          0          0          0          0 
         0          0          0          0          0          0          0          0          0          0          0          0          0          0          0          0 
         0          0          0          0          0          0          0          0          0          0          0          0          0          0          0          0 
         0          0          0          0          0          0          0          0          0          0          0          0          0          0          0          0 
         0          0          0          0          0          0          0          0          0          0          0          0          0          0          0          0 
         0          0          0          0          0          0          0          0          0          0          0          0          0          0          0          0 
         0          0          0          0          0          0          0          0          0          0          0          0          0          0          0          0 
         0          0          0          0          0          0          0          0          0          0          0          0          0          0          0          0 
         0          0          0          0          0          0          0          0          0          0          0          0          0          0          0          0 
         0          0          0          0          0          0          0          0          0          0          0          0          0          0          0          0 
         0          0          0          0          0          0          0          0          0          0          0          0          0          0          0          0 
         0          0          0          0          0          0          0          0          0          0          0          0          0          0          0          0 
         0          0          0          0          0          0          0          0          0          0          0          0          0          0          0          0 
         0          0          0          0          0          0          0          0          0          0          0          0          0          0          0          0 
         0          0          0          0          0          0          0          0          0          0          0          0          0          0          0          0 
         0          0          0          0          0          0          0          0          0          0          0          0          0          0          0          0 
         0          0          0          0          0          0          0          0          0          0          0          0          0          0          0          0 
         0          0          0          0          0          0          0          0          0          0          0          0          0          0          0          0 
         0          0          0          0          0          0          0          0          0          0          0          0          0          0          0          0 
         0          0          0          0          0          0          0          0          0          0          0          0          0          0          0          0 
         0          0          0          0          0          0          0          0          0          0          0          0          0          0          0          0 
         0          0          0          0          0          0          0          0          0          0          0          0          0          0          0          0 
         0          0          0          0          0          0          0          0          0          0          0          0          0          0          0          0 
         0          0          0          0          0          0          0          0          0          0          0          0          0          0          0          0 
         0          0          0          0          0          0          0          0          0          0          0          0          0          0          0          0 
         0          0          0          0          0          0          0          0          0          0          0          0          0          0          0          0 
         0          0          0          0          0          0          0          0          0          0          0          0          0          0          0          0 
         0          0          0          0          0          0          0          0          0          0          0          0          0          0          0          0 
         0          0          0          0          0          0          0          0          0          0          0          0          0          0          0          0 
         0          0          0          0          0          0          0          0          0          0          0          0          0          0          0          0 
         0          0          0          0          0          0          0          0          0          0          0          0          0          0          0          0 
         0          0          0          0          0          0          0          0          0          0          0          0          0          0          0          0 
         0          0          0          0          0          0          0          0          0          0          0          0          0          0          0          0 
         0          0          0          0          0          0          0          0          0          0          0          0          0          0          0          0 
         0          0          0          0          0          0          0          0          0          0          0          0          0          0          0          0 
         0          0          0          0          0          0          0          0          0          0          0          0          0          0          0          0 
         0          0          0          0          0          0          0          0          0          0          0          0          0          0          0          0 
         0          0          0          0          0          0          0          0          0          0          0          0          0          0          0          0 
         0          0          0          0          0          0          0          0          0          0          0          0          0          0          0          0 
1130582834 1792356509 1130582834 1792356509 1130582834 1792356509 1130582834 1792356509 1130582834 1792356509 1130582834 1792356509 1130582834 1792356509 1130582834 1792356509 
4137713427 2585806105 4137713427 2585806105 4137713427 2585806105 4137713427 2585806105 4137713427 2585806105 4137713427 2585806105 4137713427 2585806105 4137713427 2585806105 
3365811172   95222074 3365811172   95222074 3365811172   95222074 3365811172   95222074 3365811172   95222074 3365811172   95222074 3365811172   95222074 3365811172   95222074 
4151648789 1391373649 4151648789 1391373649 4151648789 1391373649 4151648789 1391373649 4151648789 1391373649 4151648789 1391373649 4151648789 1391373649 4151648789 1391373649 
1169244236 1108079402 1169244236 1108079402 1169244236 1108079402 1169244236 1108079402 1169244236 1108079402 1169244236 1108079402 1169244236 1108079402 1169244236 1108079402 
2737408419 1439775956 2737408419 1439775956 2737408419 1439775956 2737408419 1439775956 2737408419 1439775956 2737408419 1439775956 2737408419 1439775956 2737408419 1439775956 
3311151746 4119789959 3311151746 4119789959 3311151746 4119789959 3311151746 4119789959 3311151746 4119789959 3311151746 4119789959 3311151746 4119789959 3311151746 4119789959 
3224432021 2896203527 3224432021 2896203527 3224432021 2896203527 3224432021 2896203527 3224432021 2896203527 3224432021 2896203527 3224432021 2896203527 3224432021 2896203527 
