3108841401 3314984088 3594950756 3062597502 3363290463  629668854 1557618539  130355543 1166192585 3718045683 2424797342 1992714814 3800853830 2990653205 2448663242 3264983738 2876915336 1087633694  799514845  498457278 1395465055 1266741646 1252004234 3296799847 3543051803 3637267421 1883481853 3978152521  723769317 2207764475 2695530606 3254515103 
2471312904  582491283  558402541 1858564720  232350448 4097259105 1677928635 1354358812 3409289463  994282365  391969918 2941307586 1368190365 3128499221 1397262622 2577128796 2865379251 4067291582 3066654152 3788153509 3533382256 2369723906 4104643275   10837117  661340629 2430684464 4179391445 4138218996 3843912341  602107089 2050100197  296686285 
2771276503  260146467 1832937283 3571628371 1699675640   90026578    7143730 1321428822 1481751139 3757739174  571377284  962440808  614732423 2141269214 2396711628 2495830481 3230128069  941462831  333893298 2362168719 1744779405 4277251436 4084375851 2991777608 1741844879 2840990560 1075502976   40400830 3456790856  527873442 3874986452 1684285352 
3665669114 2693810691 3573557858 2837310453 3659927131 3943400102 2411246680 3972138196 3152095087 2070449047 1226358013 4264862401 1480730453   36045130 1725150980 1345340894 2967065271  878477348 4115956136 4267669533  225083373 2080724316 1913868492 2407664183 2204054888 3299044870 1768507190 2634671681 4126783463 1902461984 4211836639 3123759927 
3297046499 1941714158 3183825414 4007737070 1609956373 1267142359  118023856 1603618728  948753666 2236411734 3483183725 1189194439 1951368706 3573972838 1956010972 2173264246 3340497257 3231825792 2952551292 1837384987  805777883  525607877 1358159542 2250290585 3716821930 3686351776 1092183959 4155747861  518172273 2095213575 3431626762 1164108003 
2052292846 1778963088 2047597547  201183557 2580219340 3663894997 2973575650  707446769 4103738686 1649535928 3436436052 4168977780 3654080494  755148599 3220645375 2509421410 4020356873 2228014086 1825529688 2321526616 1106345903 2103878224 2605903805 3461514451  158166924 2689101025 2242065003  544841802  346286916 1861250926 1133677555 2270189860 
2424895404  672216460  375546969 1494476243 2965864870 3033526109 2038266328  727479799 1650639461 1610306155  471169696  961432715 1792667378  387573925 1428371691 3200041706 4223988195  969071739 1461229512  635289793 3496965108 1934280356 3120027636 3303468924  630390409 1494726671 1519629568 2225352153 3567380253 3791103488 2270635187   99622552 
3807366633  703105515 3446957103  785558836 1459535715 3971867431  428842219  875441461 2027365885 2770186045  316280211 1380406022 3501338937 4249992802 3648067458  551410787 4159562008 3431293145  619412448  105774356 1151071250 1672412698 2224149720 1442276592 4164008540 2960823983 3403896629 1428045078  838893124 1381287905  245390322  898833771 
 215459953 2130344838  728622094  729573315 1581799113 3932318782 3812373852 3671674493 1261453738 1708503881   43615068 2358790274 3199591843 3044612015 1980833863 2433368128  180643500 2113183425 1045863267 3849156669 1950849139 1350554356 2383775664  695717059  216009690 3903389374  264951614 2928855725  637186866 2371844326  283281127 3146983701 
2099071291 1888252525 2164176828 2501618352 3968433002 2968761029 2786632945 2492329510  152307089 3976814086 3102100143 3170473293 3569300190 3613456229 2855516477 1029430259 2317778795 2634227341 3509850360 3590360018 1440811753 3157192659 1686550091 1383665129  422517778 1544629913  639939876 1995709231  346168137  378046100  105834025 3597270892 
2961290352 1054188942 3134938114  458780931 3750851687 1540864166 2478702196 1424866602 1284600502 1080232542 2840603040 3716198521 3024147457 1865242246 3334887188   57669060 2782198746 2676189813  319448445 2366680142 2654479818  549533792 2155978765  892963874 1536954536 1800463396  412619599 3690249485 3840153930 2160165709  835394025 3777832065 
3683811002 2026946730 2541684325  234043844 1201137843 3215858890 2406835231 1542574583 2798904696  736135216  851283134  192125950  823425282 4268717694 3838953058 4294555616  126532774  960819955 3955571390 2890194554 2358779954 3291304017 2375628928 2032988327  505252411  335301249 2883666452 3755095929 2826623276  660874438  204680814 3065764628 
3336029109 2135175144 4089090068 2402330095 3673843341  403000321 3469602424 3181572050   88554109 2033744020 3925779378 2551835119 2797420127 2921585264 3935054581 4089717609 1538823041 1694373718 3162928040 2247630952 3516907828  405929893 3633625293 1465071247 4135233579 1685023872 4231167301  327404265  576347629  415647820 2026851334  301473701 
 362016222 3216700569 1823915337 2084890330 3044726949 1091408656 3369327134   88811623 3317235750 2772349548 1316535540   59574346  746183817 4158229798 3180675419 2124345869 3352327107  122099744  860082142   91625491 1935002744  598825728 1865695086 1565744189 3411129464 2437631196 1074965377 1386069706 1578160933  825916135 3239928742 2749364960 
4110699957 4210190881 4291565459 2816303509 2588410406 3677123571 2130788018 1923449920  368584851 3993354225 1402137981 4160386370  114374639 3296812814  740256915 3194550770 1659655442 3437186950 3554159652  521306305  577584360 1277059630 2231117297  552931088 1492211869 3618705925  176780144 2054621499 4066597856 1079617214 3989548432 1645526456 
2308193941 1826156579 1864090805 2899757858 2149433686 1436542484 3117889282 1950793736 4250870618 2665660555 3608226749   91244902 1130389725  192039999 3702275624  482036748 2840248491 2497429691 3749822872 2588257967 2625082432 4233550792 3652356951 3726801473 2463913752 1184381855 1972108418 2680353004 3405543245 2307066364 4260626650 1523759155 
3723089466  109907514 1064075529 2910870359 1414206160 3095338659  164047531 1187599055  692111917 2753098539 1702221492 4227212075 2561549653 3568523513 1184513025 3139885567  729524013  258090577 3364143764 2407521581 3463186914 3506840364 3106877804  648883174 2086758359 1523256770 2162050200 3772931581 2255905770  534177828 2886352649  568185275 
2242780173 3956633393 1557338836 1318178308 4112656665  590635895  714796133  542282770 2185323971   29938407 2712551804 4061696520 2220771584 2287381719 2742079596 1780180052 3816540459 3309245126  922837719  750100463 3012110861 3412959592 2997785934 2544613707  193583388 3963988807 2894651337 4195023838 4213678896 1397581554   75788816 2100555634 
1470711963 1100445861 2464231452 2932143771 3533448891  965700874 1676462004  155204397 2773985282 3424166202  150867821  464237710 4272443725 3360522683 1960306772  524979172 3444022478 1578911919 4006203553 3492716429  248904949 1881880822 1666802222 2747985800 1609564937 2660426791 3027547535 3856795279 1040040487 3863524022 2909252958 1370575349 
2740836699  165152278 1635082855  819927055 2435240042 3212054461 2918721273 3415700633 1317375149  252717507 2609241918 1695488662 4196852654 1798389359 3279520078  527206602 3077249641 3216488421 3768429581 4178684266 3983807744 2427094053 4262706065 2115312232  363029154 2001588376 1112771036 2565407889 2960933059  511824740 1957595224  631139633 
 879627733 3204606737 3735167003 3352453181 1301319552 1510329692 1162847170  852588645 2043628479  986309717 1674085489 1376779803 1866695160 1502132993 3285564152  471630991 3315227729 2809059591 2830130539 1342968076  265604915  951013860 2828432588  406397750 2002148482 3174383343  763547129 1397366968 3259144877 2415937518 1086683897 3703543081 
 923312945 2626675116 1695173458  690082624 1177786098 3926062183 2842951184 1244776439 3027542561  404513901  564583938 3222252161 2465101542 2301384745 3979662040 2790624443 3218204816  153446354 2358453898  167558035  448907278 2428567347 4221851173  345257233 2897909569 2482723345 3942201762 2466255779 3655023369 2467543384 2008386875  765215667 
1082213657 4210637365 2080289557  589856537 3900644505  959575280   40087495 1747955679 1175874323 3157510476 1840035117  480972890  396900679   45944622 3654849069 1061065118 2621773012 2194327917  241359228 2547721243  722959769  973412762 3894023927 3945298073 1967217776 1289242452 1640127603  562101769 4188748523 3720149500  689036343 3278527860 
2842045676 2547851636 2183870181 3308100786 4000605455 3313408568 1017249731 2276904711 3946307258 3720431563  932718172  413976546 1892998602 3787791069   90040576 1209066648 2959189423  184289809 1795207516 2034398881 1175517022 1374517801  510626140 3565710864  488799725  487094749 2978505267  417059862 3060697510 1377274408 1762128430 2112978709 
4176259723   50780201 3170385921 3575733322 2295290820 4258222884 1722492636 2764423900 2091848875 3274799246 1123859885 3109726382 3578418035  426981523 2493951322  685011876 3046818322 2543798577  562341059  633055237 3790018553 3440117250 1120628728 3040751784 3003074703 3037573292 2604722585 2968997180  231214168 1583735916 1982897967 3544046570 
2466199721 4134628499 2647790521 4026792728 1345141962 1616771481 1755653546  461079351  300773418 1250220215 3444410329 1308781986 1188940218 1958627837 2461787872 2335526503 2793726895 4285464105 2273030840 1550318549 1809526371 3623816064 2279390932 2498078651 2320987240  802182322  487410151 3010005812  914393248  672534647 3415812407 2168111793 
3592255715 1140213110 1406186309 3047323214 3246894869 4065014414 3196858452  372125713 1771180617 1665575352 4181753054 2538220224  847869457 3608711366  488931355  407793834  582756978 4079355510 1910725541 3465775648 3558137858 3379150178  816364770 3553781714  900955691 2451974774 1369697551  587999508 3805704756 2772619770     568961  957516958 
1964397180 4171015200 1163584844 3610864903 4031655069 3797077427 4040289657   99747983 4248238148  320506620   88081469  776012120  509536098  976462493 1376295512   61434940 3191306424 3738803523 3161444916 2833307317 2256859052 4265548261 2569728419 1456745876  487722247 1662628093 2494044809 2531675842 3388466415 3529776558 3857202255 1092559761 
 871427691  480843749 2051151829 2707347305 1857060180 1986110885 2648888178  383309194 2252460353 3887268204 2808037011 3846740691  726778204  860275405  975689556  177375896 2287363427 2984934086 2568210070 3691385745 4254289741 3411948865 2239066889 4065669757 4031204372  150966333 1868975590   83014215 4180486100 2702501369 2236221051 3001864841 
1367355121  725874891  565343503 3643291874 2295890387 2735878047 2670014273   88214518  205061811 1388228553  111938556 1997420605 1157955833 3628770297  363714188 2901431285 2172345476 4179193284 3639645319 1894791952 2975910500 2872889317 1251877562 3639586284 3592702305 2498644575  339412570 2389357321 3544945461 2697417455 4033060974 2800107969 
2703263617 3208071822 4164867528 2361956361  680428200 1013668652 4025167813 1956324144 1146694318  251280463  204149579 2217461141 2260643292 3109902048  615745908 2451624791  794798579  510688114 3218687772 3114611849 2014562159 3475646696  300618876 4252139865 2352721888  575154420 1473170524 3668740488 3191564517  890695073 1922466858 2806705430 
3968180601 1938175314 1701510666  432051815 1522541054 3065670397 1391240903 2277034114  838383133 1629550844 3388822351  350197398 2288853518 1053790677 3406094078 1042415733  769390395 1246946227 2826667322 1452310614 3949588986 1351572497 1033648820 2906961356  582290059 1659164339  227897600 1493949971 3226641829 1422688863 3508747166 1447460820 
