         0 2017595293          0          0          0 2017595293          0          0          0 2017595293          0          0          0 2017595293          0          0 
         0  855846219          0          0          0  855846219          0          0          0  855846219          0          0          0  855846219          0          0 
         0 3103792252          0          0          0 3103792252          0          0          0 3103792252          0          0          0 3103792252          0          0 
         0 1444766711          0          0          0 1444766711          0          0          0 1444766711          0          0          0 1444766711          0          0 
         0 4269166077          0          0          0 4269166077          0          0          0 4269166077          0          0          0 4269166077          0          0 
         0 1679023241          0          0          0 1679023241          0          0          0 1679023241          0          0          0 1679023241          0          0 
         0 2336557421          0          0          0 2336557421          0          0          0 2336557421          0          0          0 2336557421          0          0 
         0  621170665          0          0          0  621170665          0          0          0  621170665          0          0          0  621170665          0          0 
         0          0          0          0          0          0          0          0          0          0          0          0          0          0          0          0 
         0          0          0          0          0          0          0          0          0          0          0          0          0          0          0          0 
         0          0          0          0          0          0          0          0          0          0          0          0          0          0          0          0 
         0          0          0          0          0          0          0          0          0          0          0          0          0          0          0          0 
         0          0          0          0          0          0          0          0          0          0          0          0          0          0          0          0 
         0          0          0          0          0          0          0          0          0          0          0          0          0          0          0          0 
         0          0          0          0          0          0          0          0          0          0          0          0          0          0          0          0 
         0          0          0          0          0          0          0          0          0          0          0          0          0          0          0          0 
3975205328          0          0          0 3975205328          0          0          0 3975205328          0          0          0 3975205328          0          0          0 
1552666428          0          0          0 1552666428          0          0          0 1552666428          0          0          0 1552666428          0          0          0 
 503326537          0          0          0  503326537          0          0          0  503326537          0          0          0  503326537          0          0          0 
1534842345          0          0          0 1534842345          0          0          0 1534842345          0          0          0 1534842345          0          0          0 
2186903564          0          0          0 2186903564          0          0          0 2186903564          0          0          0 2186903564          0          0          0 
2498310790          0          0          0 2498310790          0          0          0 2498310790          0          0          0 2498310790          0          0          0 
3571184302          0          0          0 3571184302          0          0          0 3571184302          0          0          0 3571184302          0          0          0 
 670647398          0          0          0  670647398          0          0          0  670647398          0          0          0  670647398          0          0          0 
         0          0          0          0          0          0          0          0          0          0          0          0          0          0          0          0 
         0          0          0          0          0          0          0          0          0          0          0          0          0          0          0          0 
         0          0          0          0          0          0          0          0          0          0          0          0          0          0          0          0 
         0          0          0          0          0          0          0          0          0          0          0          0          0          0          0          0 
         0          0          0          0          0          0          0          0          0          0          0          0          0          0          0          0 
         0          0          0          0          0          0          0          0          0          0          0          0          0          0          0          0 
         0          0          0          0          0          0          0          0          0          0          0          0          0          0          0          0 
         0          0          0          0          0          0          0          0          0          0          0          0          0          0          0          0 
         0          0          0          0          0          0          0          0          0          0          0          0          0          0          0          0 
         0          0          0          0          0          0          0          0          0          0          0          0          0          0          0          0 
         0          0          0          0          0          0          0          0          0          0          0          0          0          0          0          0 
         0          0          0          0          0          0          0          0          0          0          0          0          0          0          0          0 
         0          0          0          0          0          0          0          0          0          0          0          0          0          0          0          0 
         0          0          0          0          0          0          0          0          0          0          0          0          0          0          0          0 
         0          0          0          0          0          0          0          0          0          0          0          0          0          0          0          0 
         0          0          0          0          0          0          0          0          0          0          0          0          0          0          0          0 
3975205328          0          0          0          0          0          0          0          0          0          0          0          0          0          0          0 
1552666428          0          0          0          0          0          0          0          0          0          0          0          0          0          0          0 
 503326537          0          0          0          0          0          0          0          0          0          0          0          0          0          0          0 
1534842345          0          0          0          0          0          0          0          0          0          0          0          0          0          0          0 
2186903564          0          0          0          0          0          0          0          0          0          0          0          0          0          0          0 
2498310790          0          0          0          0          0          0          0          0          0          0          0          0          0          0          0 
3571184302          0          0          0          0          0          0          0          0          0          0          0          0          0          0          0 
 670647398          0          0          0          0          0          0          0          0          0          0          0          0          0          0          0 
         0          0          0          0          0          0          0          0          0          0          0          0          0          0          0          0 
         0          0          0          0          0          0          0          0          0          0          0          0          0          0          0          0 
         0          0          0          0          0          0          0          0          0          0          0          0          0          0          0          0 
         0          0          0          0          0          0          0          0          0          0          0          0          0          0          0          0 
         0          0          0          0          0          0          0          0          0          0          0          0          0          0          0          0 
         0          0          0          0          0          0          0          0          0          0          0          0          0          0          0          0 
         0          0          0          0          0          0          0          0          0          0          0          0          0          0          0          0 
         0          0          0          0          0          0          0          0          0          0          0          0          0          0          0          0 
         0          0          0          0          0  501912725          0          0          0  501912725          0          0          0  501912725          0          0 
         0          0          0          0          0  746869867          0          0          0  746869867          0          0          0  746869867          0          0 
         0          0          0          0          0  284009300          0          0          0  284009300          0          0          0  284009300          0          0 
         0          0          0          0          0 1691156781          0          0          0 1691156781          0          0          0 1691156781          0          0 
         0          0          0          0          0 3709075927          0          0          0 3709075927          0          0          0 3709075927          0          0 
         0          0          0          0          0 3374101280          0          0          0 3374101280          0          0          0 3374101280          0          0 
         0          0          0          0          0  797226826          0          0          0  797226826          0          0          0  797226826          0          0 
         0          0          0          0          0 2376790983          0          0          0 2376790983          0          0          0 2376790983          0          0 
3975205328          0          0  155145487          0          0          0  155145487          0          0          0  155145487          0          0          0  155145487 
1552666428          0          0  524960391          0          0          0  524960391          0          0          0  524960391          0          0          0  524960391 
 503326537          0          0 3809378109          0          0          0 3809378109          0          0          0 3809378109          0          0          0 3809378109 
1534842345          0          0 2208017325          0          0          0 2208017325          0          0          0 2208017325          0          0          0 2208017325 
2186903564          0          0 2897705077          0          0          0 2897705077          0          0          0 2897705077          0          0          0 2897705077 
2498310790          0          0 3499791763          0          0          0 3499791763          0          0          0 3499791763          0          0          0 3499791763 
3571184302          0          0 3896503356          0          0          0 3896503356          0          0          0 3896503356          0          0          0 3896503356 
 670647398          0          0 2716768267          0          0          0 2716768267          0          0          0 2716768267          0          0          0 2716768267 
         0          0          0          0          0          0          0          0          0          0          0          0          0          0          0          0 
         0          0          0          0          0          0          0          0          0          0          0          0          0          0          0          0 
         0          0          0          0          0          0          0          0          0          0          0          0          0          0          0          0 
         0          0          0          0          0          0          0          0          0          0          0          0          0          0          0          0 
         0          0          0          0          0          0          0          0          0          0          0          0          0          0          0          0 
         0          0          0          0          0          0          0          0          0          0          0          0          0          0          0          0 
         0          0          0          0          0          0          0          0          0          0          0          0          0          0          0          0 
         0          0          0          0          0          0          0          0          0          0          0          0          0          0          0          0 
         0          0          0          0 1839935501          0          0          0 1839935501          0          0          0 1839935501          0          0          0 
         0          0          0          0 3642940008          0          0          0 3642940008          0          0          0 3642940008          0          0          0 
         0          0          0          0 1231955966          0          0          0 1231955966          0          0          0 1231955966          0          0          0 
         0          0          0          0 1830022890          0          0          0 1830022890          0          0          0 1830022890          0          0          0 
         0          0          0          0 3273830304          0          0          0 3273830304          0          0          0 3273830304          0          0          0 
         0          0          0          0 2625760033          0          0          0 2625760033          0          0          0 2625760033          0          0          0 
         0          0          0          0  727066614          0          0          0  727066614          0          0          0  727066614          0          0          0 
         0          0          0          0 3197540534          0          0          0 3197540534          0          0          0 3197540534          0          0          0 
3975205328          0 2718427693          0          0          0 2718427693          0          0          0 2718427693          0          0          0 2718427693          0 
1552666428          0 3325140759          0          0          0 3325140759          0          0          0 3325140759          0          0          0 3325140759          0 
 503326537          0  268597538          0          0          0  268597538          0          0          0  268597538          0          0          0  268597538          0 
1534842345          0 1514780555          0          0          0 1514780555          0          0          0 1514780555          0          0          0 1514780555          0 
2186903564          0  872268344          0          0          0  872268344          0          0          0  872268344          0          0          0  872268344          0 
2498310790          0 4269420802          0          0          0 4269420802          0          0          0 4269420802          0          0          0 4269420802          0 
3571184302          0 2137891776          0          0          0 2137891776          0          0          0 2137891776          0          0          0 2137891776          0 
 670647398          0  431253168          0          0          0  431253168          0          0          0  431253168          0          0          0  431253168          0 
         0 2718427693          0 2410600423          0          0          0 2410600423          0          0          0 2410600423          0          0          0 2410600423 
         0 3325140759          0 2016417718          0          0          0 2016417718          0          0          0 2016417718          0          0          0 2016417718 
         0  268597538          0 2327116577          0          0          0 2327116577          0          0          0 2327116577          0          0          0 2327116577 
         0 1514780555          0 1432889982          0          0          0 1432889982          0          0          0 1432889982          0          0          0 1432889982 
         0  872268344          0 1022021435          0          0          0 1022021435          0          0          0 1022021435          0          0          0 1022021435 
         0 4269420802          0  173583073          0          0          0  173583073          0          0          0  173583073          0          0          0  173583073 
         0 2137891776          0 2808607037          0          0          0 2808607037          0          0          0 2808607037          0          0          0 2808607037 
         0  431253168          0  405314485          0          0          0  405314485          0          0          0  405314485          0          0          0  405314485 
         0          0 1901608723          0          0          0 1901608723          0          0          0 1901608723          0          0          0 1901608723          0 
         0          0 3618704355          0          0          0 3618704355          0          0          0 3618704355          0          0          0 3618704355          0 
         0          0 3667318554          0          0          0 3667318554          0          0          0 3667318554          0          0          0 3667318554          0 
         0          0 3861689802          0          0          0 3861689802          0          0          0 3861689802          0          0          0 3861689802          0 
         0          0 3291337253          0          0          0 3291337253          0          0          0 3291337253          0          0          0 3291337253          0 
         0          0 3980308977          0          0          0 3980308977          0          0          0 3980308977          0          0          0 3980308977          0 
         0          0 2224985336          0          0          0 2224985336          0          0          0 2224985336          0          0          0 2224985336          0 
         0          0 1002246194          0          0          0 1002246194          0          0          0 1002246194          0          0          0 1002246194          0 
3975205328          0          0          0          0          0          0          0          0          0          0          0          0          0          0          0 
1552666428          0          0          0          0          0          0          0          0          0          0          0          0          0          0          0 
 503326537          0          0          0          0          0          0          0          0          0          0          0          0          0          0          0 
1534842345          0          0          0          0          0          0          0          0          0          0          0          0          0          0          0 
2186903564          0          0          0          0          0          0          0          0          0          0          0          0          0          0          0 
2498310790          0          0          0          0          0          0          0          0          0          0          0          0          0          0          0 
3571184302          0          0          0          0          0          0          0          0          0          0          0          0          0          0          0 
 670647398          0          0          0          0          0          0          0          0          0          0          0          0          0          0          0 
2017595293 3975205328 1901608723 3975205328 2659761468 1839935501 1901608723 3975205328 2659761468 1839935501 1901608723 3975205328 2659761468 1839935501 1901608723 3975205328 
 855846219 1552666428 3618704355 1552666428 3364623407 3642940008 3618704355 1552666428 3364623407 3642940008 3618704355 1552666428 3364623407 3642940008 3618704355 1552666428 
3103792252  503326537 3667318554  503326537  804859104 1231955966 3667318554  503326537  804859104 1231955966 3667318554  503326537  804859104 1231955966 3667318554  503326537 
1444766711 1534842345 3861689802 1534842345  940397246 1830022890 3861689802 1534842345  940397246 1830022890 3861689802 1534842345  940397246 1830022890 3861689802 1534842345 
4269166077 2186903564 3291337253 2186903564 2600099657 3273830304 3291337253 2186903564 2600099657 3273830304 3291337253 2186903564 2600099657 3273830304 3291337253 2186903564 
1679023241 2498310790 3980308977 2498310790 4277174884 2625760033 3980308977 2498310790 4277174884 2625760033 3980308977 2498310790 4277174884 2625760033 3980308977 2498310790 
2336557421 3571184302 2224985336 3571184302 1315601390  727066614 2224985336 3571184302 1315601390  727066614 2224985336 3571184302 1315601390  727066614 2224985336 3571184302 
 621170665  670647398 1002246194  670647398 2027400273 3197540534 1002246194  670647398 2027400273 3197540534 1002246194  670647398 2027400273 3197540534 1002246194  670647398 
