              1	              1	              1	              1	              1	              1	              1	              1	              1	              1	              1	              1	              1	              1	              1	              1	
     1751477356	     1416127858	     1751477356	     1416127858	     1751477356	     1416127858	     1751477356	     1416127858	     1751477356	     1416127858	     1751477356	     1416127858	     1751477356	     1416127858	     1751477356	     1416127858	
     1864398703	     1696626529	     1864398703	     1696626529	     1864398703	     1696626529	     1864398703	     1696626529	     1864398703	     1696626529	     1864398703	     1696626529	     1864398703	     1696626529	     1864398703	     1696626529	
     1919706144	     1931501856	     1919706144	     1931501856	     1919706144	     1931501856	     1919706144	     1931501856	     1919706144	     1931501856	     1919706144	     1931501856	     1919706144	     1931501856	     1919706144	     1931501856	
     1131575664	     1936028021	     1131575664	     1936028021	     1131575664	     1936028021	     1131575664	     1936028021	     1131575664	     1936028021	     1131575664	     1936028021	     1131575664	     1936028021	     1131575664	     1936028021	
     1953458034	     1701737577	     1953458034	     1701737577	     1953458034	     1701737577	     1953458034	     1701737577	     1953458034	     1701737577	     1953458034	     1701737577	     1953458034	     1701737577	     1953458034	     1701737577	
     1634756729	     1634476133	     1634756729	     1634476133	     1634756729	     1634476133	     1634756729	     1634476133	     1634756729	     1634476133	     1634756729	     1634476133	     1634756729	     1634476133	     1634756729	     1634476133	
      544367984	     1852011129	      544367984	     1852011129	      544367984	     1852011129	      544367984	     1852011129	      544367984	     1852011129	      544367984	     1852011129	      544367984	     1852011129	      544367984	     1852011129	
     1919251301	     1886677359	     1919251301	     1886677359	     1919251301	     1886677359	     1919251301	     1886677359	     1919251301	     1886677359	     1919251301	     1886677359	     1919251301	     1886677359	     1919251301	     1886677359	
     1853125408	     1847617901	     1853125408	     1847617901	     1853125408	     1847617901	     1853125408	     1847617901	     1853125408	     1847617901	     1853125408	     1847617901	     1853125408	     1847617901	     1853125408	     1847617901	
     1634607209	     1886152045	     1634607209	     1886152045	     1634607209	     1886152045	     1634607209	     1886152045	     1634607209	     1886152045	     1634607209	     1886152045	     1634607209	     1886152045	     1634607209	     1886152045	
     1836085106	     1701737573	     1836085106	     1701737573	     1836085106	     1701737573	     1836085106	     1701737573	     1836085106	     1701737573	     1836085106	     1701737573	     1836085106	     1701737573	     1836085106	     1701737573	
     1952542324	     1679847278	     1952542324	     1679847278	     1952542324	     1679847278	     1952542324	     1679847278	     1952542324	     1679847278	     1952542324	     1679847278	     1952542324	     1679847278	     1952542324	     1679847278	
      544235890	      541683316	      544235890	      541683316	      544235890	      541683316	      544235890	      541683316	      544235890	      541683316	      544235890	      541683316	      544235890	      541683316	      544235890	      541683316	
     1948282726	     1701584963	     1948282726	     1701584963	     1948282726	     1701584963	     1948282726	     1701584963	     1948282726	     1701584963	     1948282726	     1701584963	     1948282726	     1701584963	     1948282726	     1701584963	
      544499813	     1869767968	      544499813	     1869767968	      544499813	     1869767968	      544499813	     1869767968	      544499813	     1869767968	      544499813	     1869767968	      544499813	     1869767968	      544499813	     1869767968	
      543780454	     1765223732	      543780454	     1765223732	      543780454	     1765223732	      543780454	     1765223732	      543780454	     1765223732	      543780454	     1765223732	      543780454	     1765223732	      543780454	     1765223732	
              0	              0	              0	              0	              0	              0	              0	              0	              0	              0	              0	              0	              0	              0	              0	              0	
              0	              0	              0	              0	              0	              0	              0	              0	              0	              0	              0	              0	              0	              0	              0	              0	
     1869770081	      926494752	     1869770081	      926494752	     1869770081	      926494752	     1869770081	      926494752	     1869770081	      926494752	     1869770081	      926494752	     1869770081	      926494752	     1869770081	      926494752	
     1953066862	     1129338144	     1953066862	     1129338144	     1953066862	     1129338144	     1953066862	     1129338144	     1953066862	     1129338144	     1953066862	     1129338144	     1953066862	     1129338144	     1953066862	     1129338144	
      543520867	     1634624544	      543520867	     1634624544	      543520867	     1634624544	      543520867	     1634624544	      543520867	     1634624544	      543520867	     1634624544	      543520867	     1634624544	      543520867	     1634624544	
     1751215719	     1629515873	     1751215719	     1629515873	     1751215719	     1629515873	     1751215719	     1629515873	     1751215719	     1629515873	     1751215719	     1629515873	     1751215719	     1629515873	     1751215719	     1629515873	
     1696624239	     1918987372	     1696624239	     1918987372	     1696624239	     1918987372	     1696624239	     1918987372	     1696624239	     1918987372	     1696624239	     1918987372	     1696624239	     1918987372	     1696624239	     1918987372	
     2002871393	     1701585007	     2002871393	     1701585007	     2002871393	     1701585007	     2002871393	     1701585007	     2002871393	     1701585007	     2002871393	     1701585007	     2002871393	     1701585007	     2002871393	     1701585007	
     2037588080	     1852121199	     2037588080	     1852121199	     2037588080	     1852121199	     2037588080	     1852121199	     2037588080	     1852121199	     2037588080	     1852121199	     2037588080	     1852121199	     2037588080	     1852121199	
     1919907433	     1847620712	     1919907433	     1847620712	     1919907433	     1847620712	     1919907433	     1847620712	     1919907433	     1847620712	     1919907433	     1847620712	     1919907433	     1847620712	     1919907433	     1847620712	
     1684631143	     1696614224	     1684631143	     1696614224	     1684631143	     1696614224	     1684631143	     1696614224	     1684631143	     1696614224	     1684631143	     1696614224	     1684631143	     1696614224	     1684631143	     1696614224	
      544433507	     1428189030	      544433507	     1428189030	      544433507	     1428189030	      544433507	     1428189030	      544433507	     1428189030	      544433507	     1428189030	      544433507	     1428189030	      544433507	     1428189030	
     1970431264	      542004809	     1970431264	      542004809	     1970431264	      542004809	     1970431264	      542004809	     1970431264	      542004809	     1970431264	      542004809	     1970431264	      542004809	     1970431264	      542004809	
     1668246893	     1145651488	     1668246893	     1145651488	     1668246893	     1145651488	     1668246893	     1145651488	     1668246893	     1145651488	     1668246893	     1145651488	     1668246893	     1145651488	     1668246893	     1145651488	
     1970170211	     1415934828	     1970170211	     1415934828	     1970170211	     1415934828	     1970170211	     1415934828	     1970170211	     1415934828	     1970170211	     1415934828	     1970170211	     1415934828	     1970170211	     1415934828	
     1635019119	     1629506356	     1635019119	     1629506356	     1635019119	     1629506356	     1635019119	     1629506356	     1635019119	     1629506356	     1635019119	     1629506356	     1635019119	     1629506356	     1635019119	     1629506356	
     1853038689	      807428975	     1853038689	      807428975	     1853038689	      807428975	     1853038689	      807428975	     1853038689	      807428975	     1853038689	      807428975	     1853038689	      807428975	     1853038689	      807428975	
     1852055652	     1853057395	     1852055652	     1853057395	     1852055652	     1853057395	     1852055652	     1853057395	     1852055652	     1853057395	     1852055652	     1853057395	     1852055652	     1853057395	     1852055652	     1853057395	
              0	              0	              0	              0	              0	              0	              0	              0	              0	              0	              0	              0	              0	              0	              0	              0	
              0	              0	              0	              0	              0	              0	              0	              0	              0	              0	              0	              0	              0	              0	              0	              0	
     1635016992	     1953066599	     1635016992	     1953066599	     1635016992	     1953066599	     1635016992	     1953066599	     1635016992	     1953066599	     1635016992	     1953066599	     1635016992	     1953066599	     1635016992	     1953066599	
     1768846437	      544171552	     1768846437	      544171552	     1768846437	      544171552	     1768846437	      544171552	     1768846437	      544171552	     1768846437	      544171552	     1768846437	      544171552	     1768846437	      544171552	
     1735551348	      842545200	     1735551348	      842545200	     1735551348	      842545200	     1735551348	      842545200	     1735551348	      842545200	     1735551348	      842545200	     1735551348	      842545200	     1735551348	      842545200	
     2033066068	      543387506	     2033066068	      543387506	     2033066068	      543387506	     2033066068	      543387506	     2033066068	      543387506	     2033066068	      543387506	     2033066068	      543387506	     2033066068	      543387506	
     1751478885	     1702043688	     1751478885	     1702043688	     1751478885	     1702043688	     1751478885	     1702043688	     1751478885	     1702043688	     1751478885	     1702043688	     1751478885	     1702043688	     1751478885	     1702043688	
      543257189	      825565261	      543257189	      825565261	      543257189	      825565261	      543257189	      825565261	      543257189	      825565261	      543257189	      825565261	      543257189	      825565261	      543257189	      825565261	
      544039278	     1970041961	      544039278	     1970041961	      544039278	     1970041961	      544039278	     1970041961	      544039278	     1970041961	      544039278	     1970041961	      544039278	     1970041961	      544039278	     1970041961	
     2032166264	     1886547811	     2032166264	     1886547811	     2032166264	     1886547811	     2032166264	     1886547811	     2032166264	     1886547811	     2032166264	     1886547811	     2032166264	     1886547811	     2032166264	     1886547811	
     1769174121	     1702065007	     1769174121	     1702065007	     1769174121	     1702065007	     1769174121	     1702065007	     1769174121	     1702065007	     1769174121	     1702065007	     1769174121	     1702065007	     1769174121	     1702065007	
     1852252261	     1920150560	     1852252261	     1920150560	     1852252261	     1920150560	     1852252261	     1920150560	     1852252261	     1920150560	     1852252261	     1920150560	     1852252261	     1920150560	     1852252261	     1920150560	
     1852011129	      825831968	     1852011129	      825831968	     1852011129	      825831968	     1852011129	      825831968	     1852011129	      825831968	     1852011129	      825831968	     1852011129	      825831968	     1852011129	      825831968	
     1886677359	     1668248165	     1886677359	     1668248165	     1886677359	     1668248165	     1886677359	     1668248165	     1886677359	     1668248165	     1886677359	     1668248165	     1886677359	     1668248165	     1886677359	     1668248165	
     1847615852	     1931502945	     1847615852	     1931502945	     1847615852	     1931502945	     1847615852	     1931502945	     1847615852	     1931502945	     1847615852	     1931502945	     1847615852	     1931502945	     1847615852	     1931502945	
     1735357033	     1667770670	     1735357033	     1667770670	     1735357033	     1667770670	     1735357033	     1667770670	     1735357033	     1667770670	     1735357033	     1667770670	     1735357033	     1667770670	     1735357033	     1667770670	
     1953000819	      542402661	     1953000819	      542402661	     1953000819	      542402661	     1953000819	      542402661	     1953000819	      542402661	     1953000819	      542402661	     1953000819	      542402661	     1953000819	      542402661	
      544499809	      544367987	      544499809	      544367987	      544499809	      544367987	      544499809	      544367987	      544499809	      544367987	      544499809	      544367987	      544499809	      544367987	      544499809	      544367987	
              0	              0	              0	              0	              0	              0	              0	              0	              0	              0	              0	              0	              0	              0	              0	              0	
              0	              0	              0	              0	              0	              0	              0	              0	              0	              0	              0	              0	              0	              0	              0	              0	
     1948279663	     1970041971	     1948279663	     1970041971	     1948279663	     1970041971	     1948279663	     1970041971	     1948279663	     1970041971	     1948279663	     1970041971	     1948279663	     1970041971	     1948279663	     1970041971	
     1970037792	      544434287	     1970037792	      544434287	     1970037792	      544434287	     1970037792	      544434287	     1970037792	      544434287	     1970037792	      544434287	     1970037792	      544434287	     1970037792	      544434287	
     1886547830	     2003133472	     1886547830	     2003133472	     1886547830	     2003133472	     1886547830	     2003133472	     1886547830	     2003133472	     1886547830	     2003133472	     1886547830	     2003133472	     1886547830	     2003133472	
     1768187168	     1952997748	     1768187168	     1952997748	     1768187168	     1952997748	     1768187168	     1952997748	     1768187168	     1952997748	     1768187168	     1952997748	     1768187168	     1952997748	     1768187168	     1952997748	
     1952998688	      544499813	     1952998688	      544499813	     1952998688	      544499813	     1952998688	      544499813	     1952998688	      544499813	     1952998688	      544499813	     1952998688	      544499813	     1952998688	      544499813	
     1668247142	      544436325	     1668247142	      544436325	     1668247142	      544436325	     1668247142	      544436325	     1668247142	      544436325	     1668247142	      544436325	     1668247142	      544436325	     1668247142	      544436325	
     1768187246	     1701082480	     1768187246	     1701082480	     1768187246	     1701082480	     1768187246	     1701082480	     1768187246	     1701082480	     1768187246	     1701082480	     1768187246	     1701082480	     1768187246	     1701082480	
     1953063276	      543781664	     1953063276	      543781664	     1953063276	      543781664	     1953063276	      543781664	     1953063276	      543781664	     1953063276	      543781664	     1953063276	      543781664	     1953063276	      543781664	
     1769240864	     1768842098	     1769240864	     1768842098	     1769240864	     1768842098	     1769240864	     1768842098	     1769240864	     1768842098	     1769240864	     1768842098	     1769240864	     1768842098	     1769240864	     1768842098	
     1634624544	     1700885353	     1634624544	     1700885353	     1634624544	     1700885353	     1634624544	     1700885353	     1634624544	     1700885353	     1634624544	     1700885353	     1634624544	     1700885353	     1634624544	     1700885353	
     1768846437	     1852252257	     1768846437	     1852252257	     1768846437	     1852252257	     1768846437	     1852252257	     1768846437	     1852252257	     1768846437	     1852252257	     1768846437	     1852252257	     1768846437	     1852252257	
     1735551348	     1931506792	     1735551348	     1931506792	     1735551348	     1931506792	     1735551348	     1931506792	     1735551348	     1931506792	     1735551348	     1931506792	     1735551348	     1931506792	     1735551348	     1931506792	
     2032165985	     1696621665	     2032165985	     1696621665	     2032165985	     1696621665	     2032165985	     1696621665	     2032165985	     1696621665	     2032165985	     1696621665	     2032165985	     1696621665	     2032165985	     1696621665	
     1952522340	     1952522355	     1952522340	     1952522355	     1952522340	     1952522355	     1952522340	     1952522355	     1952522340	     1952522355	     1952522340	     1952522355	     1952522340	     1952522355	     1952522340	     1952522355	
     1970432366	     1769628960	     1970432366	     1769628960	     1970432366	     1769628960	     1970432366	     1769628960	     1970432366	     1769628960	     1970432366	     1769628960	     1970432366	     1769628960	     1970432366	     1769628960	
     1730180210	     1768842098	     1730180210	     1768842098	     1730180210	     1768842098	     1730180210	     1768842098	     1730180210	     1768842098	     1730180210	     1768842098	     1730180210	     1768842098	     1730180210	     1768842098	
              0	              0	              0	              0	              0	              0	              0	              0	              0	              0	              0	              0	              0	              0	              0	              0	
              0	              0	              0	              0	              0	              0	              0	              0	              0	              0	              0	              0	              0	              0	              0	              0	
     1634628461	     1700885349	     1634628461	     1700885349	     1634628461	     1700885349	     1634628461	     1700885349	     1634628461	     1700885349	     1634628461	     1700885349	     1634628461	     1700885349	     1634628461	     1700885349	
     1769173865	     1932271713	     1769173865	     1932271713	     1769173865	     1932271713	     1769173865	     1932271713	     1769173865	     1932271713	     1769173865	     1932271713	     1769173865	     1932271713	     1769173865	     1932271713	
     1869488239	     1667787109	     1869488239	     1667787109	     1869488239	     1667787109	     1869488239	     1667787109	     1869488239	     1667787109	     1869488239	     1667787109	     1869488239	     1667787109	     1869488239	     1667787109	
     1986359840	     1986621031	     1986359840	     1986621031	     1986359840	     1986621031	     1986359840	     1986621031	     1986359840	     1986621031	     1986359840	     1986621031	     1986359840	     1986621031	     1986359840	     1986621031	
     1684629094	      543256096	     1684629094	      543256096	     1684629094	      543256096	     1684629094	      543256096	     1684629094	      543256096	     1684629094	      543256096	     1684629094	      543256096	     1684629094	      543256096	
     1701995886	     1702389091	     1701995886	     1702389091	     1701995886	     1702389091	     1701995886	     1702389091	     1701995886	     1702389091	     1701995886	     1702389091	     1701995886	     1702389091	     1701995886	     1702389091	
     1948279656	     1970563439	     1948279656	     1970563439	     1948279656	     1970563439	     1948279656	     1970563439	     1948279656	     1970563439	     1948279656	     1970563439	     1948279656	     1970563439	     1948279656	     1970563439	
     1634627173	     1847620713	     1634627173	     1847620713	     1634627173	     1847620713	     1634627173	     1847620713	     1634627173	     1847620713	     1634627173	     1847620713	     1634627173	     1847620713	     1634627173	     1847620713	
     1819484239	     1835343983	     1819484239	     1835343983	     1819484239	     1835343983	     1819484239	     1835343983	     1819484239	     1835343983	     1819484239	     1835343983	     1819484239	     1835343983	     1819484239	     1835343983	
     1852121199	     1713387057	     1852121199	     1713387057	     1852121199	     1713387057	     1852121199	     1713387057	     1852121199	     1713387057	     1852121199	     1713387057	     1852121199	     1713387057	     1852121199	     1713387057	
     1713402984	      775108216	     1713402984	      775108216	     1713402984	      775108216	     1713402984	      775108216	     1713402984	      775108216	     1713402984	      775108216	     1713402984	      775108216	     1713402984	      775108216	
     1696623983	      544435553	     1696623983	      544435553	     1696623983	      544435553	     1696623983	      544435553	     1696623983	      544435553	     1696623983	      544435553	     1696623983	      544435553	     1696623983	      544435553	
     1936990325	     1819043186	     1936990325	     1819043186	     1936990325	     1819043186	     1936990325	     1819043186	     1936990325	     1819043186	     1936990325	     1819043186	     1936990325	     1819043186	     1936990325	     1819043186	
     1936024608	      544173600	     1936024608	      544173600	     1936024608	      544173600	     1936024608	      544173600	     1936024608	      544173600	     1936024608	      544173600	     1936024608	      544173600	     1936024608	      544173600	
     1668446576	     1196447008	     1668446576	     1196447008	     1668446576	     1196447008	     1668446576	     1196447008	     1668446576	     1196447008	     1668446576	     1196447008	     1668446576	     1196447008	     1668446576	     1196447008	
     1953458034	     1952997742	     1953458034	     1952997742	     1953458034	     1952997742	     1953458034	     1952997742	     1953458034	     1952997742	     1953458034	     1952997742	     1953458034	     1952997742	     1953458034	     1952997742	
              0	              0	              0	              0	              0	              0	              0	              0	              0	              0	              0	              0	              0	              0	              0	              0	
              0	              0	              0	              0	              0	              0	              0	              0	              0	              0	              0	              0	              0	              0	              0	              0	
     1634756713	      544173600	     1634756713	      544173600	     1634756713	      544173600	     1634756713	      544173600	     1634756713	      544173600	     1634756713	      544173600	     1634756713	      544173600	     1634756713	      544173600	
     1663066476	     1129338144	     1663066476	     1129338144	     1663066476	     1129338144	     1663066476	     1129338144	     1663066476	     1129338144	     1663066476	     1129338144	     1663066476	     1129338144	     1663066476	     1129338144	
     1735357033	     1718579744	     1735357033	     1718579744	     1735357033	     1718579744	     1735357033	     1718579744	     1735357033	     1718579744	     1735357033	     1718579744	     1735357033	     1718579744	     1735357033	     1718579744	
     1953000819	      842348064	     1953000819	      842348064	     1953000819	      842348064	     1953000819	      842348064	     1953000819	      842348064	     1953000819	      842348064	     1953000819	      842348064	     1953000819	      842348064	
      543781664	     1262628384	      543781664	     1262628384	      543781664	     1262628384	      543781664	     1262628384	      543781664	     1262628384	      543781664	     1262628384	      543781664	     1262628384	      543781664	     1262628384	
     1095062304	     1231908972	     1095062304	     1231908972	     1095062304	     1231908972	     1095062304	     1231908972	     1095062304	     1231908972	     1095062304	     1231908972	     1095062304	     1231908972	     1095062304	     1231908972	
     1097102945	     1701668206	     1097102945	     1701668206	     1097102945	     1701668206	     1097102945	     1701668206	     1097102945	     1701668206	     1097102945	     1701668206	     1097102945	     1701668206	     1097102945	     1701668206	
     1852007780	     1953066599	     1852007780	     1953066599	     1852007780	     1953066599	     1852007780	     1953066599	     1852007780	     1953066599	     1852007780	     1953066599	     1852007780	     1953066599	     1852007780	     1953066599	
      541421155	      544235890	      541421155	      544235890	      541421155	      544235890	      541421155	      544235890	      541421155	      544235890	      541421155	      544235890	      541421155	      544235890	      541421155	      544235890	
     1920561268	     1634495589	     1920561268	     1634495589	     1920561268	     1634495589	     1920561268	     1634495589	     1920561268	     1634495589	     1920561268	     1634495589	     1920561268	     1634495589	     1920561268	     1634495589	
     1768910368	     1818850157	     1768910368	     1818850157	     1768910368	     1818850157	     1768910368	     1818850157	     1768910368	     1818850157	     1768910368	     1818850157	     1768910368	     1818850157	     1768910368	     1818850157	
     1400136046	      543584114	     1400136046	      543584114	     1400136046	      543584114	     1400136046	      543584114	     1400136046	      543584114	     1400136046	      543584114	     1400136046	      543584114	     1400136046	      543584114	
     1684107876	      544499813	     1684107876	      544499813	     1684107876	      544499813	     1684107876	      544499813	     1684107876	      544499813	     1684107876	      544499813	     1684107876	      544499813	     1684107876	      544499813	
      541684768	      542329165	      541684768	      542329165	      541684768	      542329165	      541684768	      542329165	      541684768	      542329165	      541684768	      542329165	      541684768	      542329165	      541684768	      542329165	
     2002875168	     1142972786	     2002875168	     1142972786	     2002875168	     1142972786	     2002875168	     1142972786	     2002875168	     1142972786	     2002875168	     1142972786	     2002875168	     1142972786	     2002875168	     1142972786	
     1684371045	     1667787124	     1684371045	     1667787124	     1684371045	     1667787124	     1684371045	     1667787124	     1684371045	     1667787124	     1684371045	     1667787124	     1684371045	     1667787124	     1684371045	     1667787124	
              0	              0	              0	              0	              0	              0	              0	              0	              0	              0	              0	              0	              0	              0	              0	              0	
              0	              0	              0	              0	              0	              0	              0	              0	              0	              0	              0	              0	              0	              0	              0	              0	
     1819242597	     1701016693	     1819242597	     1701016693	     1819242597	     1701016693	     1819242597	     1701016693	     1819242597	     1701016693	     1819242597	     1701016693	     1819242597	     1701016693	     1819242597	     1701016693	
     1679845742	     1919230063	     1679845742	     1919230063	     1679845742	     1919230063	     1679845742	     1919230063	     1679845742	     1919230063	     1679845742	     1919230063	     1679845742	     1919230063	     1679845742	     1919230063	
      540160048	     1713402984	      540160048	     1713402984	      540160048	     1713402984	      540160048	     1713402984	      540160048	     1713402984	      540160048	     1713402984	      540160048	     1713402984	      540160048	     1713402984	
      824205945	     1696623989	      824205945	     1696623989	      824205945	     1696623989	      824205945	     1696623989	      824205945	     1696623989	      824205945	     1696623989	      824205945	     1696623989	      824205945	     1696623989	
      542533998	     1819568496	      542533998	     1819568496	      542533998	     1819568496	      542533998	     1819568496	      542533998	     1819568496	      542533998	     1819568496	      542533998	     1819568496	      542533998	     1819568496	
     1667591796	     1919902565	     1667591796	     1919902565	     1667591796	     1919902565	     1667591796	     1919902565	     1667591796	     1919902565	     1667591796	     1919902565	     1667591796	     1919902565	     1667591796	     1919902565	
      542271850	     1936945010	      542271850	     1936945010	      542271850	     1936945010	      542271850	     1936945010	      542271850	     1936945010	      542271850	     1936945010	      542271850	     1936945010	      542271850	     1936945010	
     1835363872	     1931503982	     1835363872	     1931503982	     1835363872	     1931503982	     1835363872	     1931503982	     1835363872	     1931503982	     1835363872	     1931503982	     1835363872	     1931503982	     1835363872	     1931503982	
     1634624544	      544499813	     1634624544	      544499813	     1634624544	      544499813	     1634624544	      544499813	     1634624544	      544499813	     1634624544	      544499813	     1634624544	      544499813	     1634624544	      544499813	
     1248813422	      541544533	     1248813422	      541544533	     1248813422	      541544533	     1248813422	      541544533	     1248813422	      541544533	     1248813422	      541544533	     1248813422	      541544533	     1248813422	      541544533	
      541352293	      544240239	      541352293	      544240239	      541352293	      544240239	      541352293	      544240239	      541352293	      544240239	      541352293	      544240239	      541352293	      544240239	      541352293	      544240239	
     1836019244	     1986356256	     1836019244	     1986356256	     1836019244	     1986356256	     1836019244	     1986356256	     1836019244	     1986356256	     1836019244	     1986356256	     1836019244	     1986356256	     1836019244	     1986356256	
      543257376	     1953439841	      543257376	     1953439841	      543257376	     1953439841	      543257376	     1953439841	      543257376	     1953439841	      543257376	     1953439841	      543257376	     1953439841	      543257376	     1953439841	
     1629516389	     1667787109	     1629516389	     1667787109	     1629516389	     1667787109	     1629516389	     1667787109	     1629516389	     1667787109	     1629516389	     1667787109	     1629516389	     1667787109	     1629516389	     1667787109	
     1886151011	     1986338913	     1886151011	     1986338913	     1886151011	     1986338913	     1886151011	     1986338913	     1886151011	     1986338913	     1886151011	     1986338913	     1886151011	     1986338913	     1886151011	     1986338913	
     1701668206	      543650405	     1701668206	      543650405	     1701668206	      543650405	     1701668206	      543650405	     1701668206	      543650405	     1701668206	      543650405	     1701668206	      543650405	     1701668206	      543650405	
              0	              0	              0	              0	              0	              0	              0	              0	              0	              0	              0	              0	              0	              0	              0	              0	
              0	              0	              0	              0	              0	              0	              0	              0	              0	              0	              0	              0	              0	              0	              0	              0	
     1948280431	     1635000432	     1948280431	     1635000432	     1948280431	     1635000432	     1948280431	     1635000432	     1948280431	     1635000432	     1948280431	     1635000432	     1948280431	     1635000432	     1948280431	     1635000432	
     1914717253	     1701996143	     1914717253	     1701996143	     1914717253	     1701996143	     1914717253	     1701996143	     1914717253	     1701996143	     1914717253	     1701996143	     1914717253	     1701996143	     1914717253	     1701996143	
     1395531892	     1919770990	     1395531892	     1919770990	     1395531892	     1919770990	     1395531892	     1919770990	     1395531892	     1919770990	     1395531892	     1919770990	     1395531892	     1919770990	     1395531892	     1919770990	
     1751217184	     1667575328	     1751217184	     1667575328	     1751217184	     1667575328	     1751217184	     1667575328	     1751217184	     1667575328	     1751217184	     1667575328	     1751217184	     1667575328	     1751217184	     1667575328	
     1650811745	     1416128883	     1650811745	     1416128883	     1650811745	     1416128883	     1650811745	     1416128883	     1650811745	     1416128883	     1650811745	     1416128883	     1650811745	     1416128883	     1650811745	     1416128883	
     1835343983	      544235888	     1835343983	      544235888	     1835343983	      544235888	     1835343983	      544235888	     1835343983	      544235888	     1835343983	      544235888	     1835343983	      544235888	     1835343983	      544235888	
     1970562145	     1701978224	     1970562145	     1701978224	     1970562145	     1701978224	     1970562145	     1701978224	     1970562145	     1701978224	     1970562145	     1701978224	     1970562145	     1701978224	     1970562145	     1701978224	
     1952801824	     1919251301	     1952801824	     1919251301	     1952801824	     1919251301	     1952801824	     1919251301	     1952801824	     1919251301	     1952801824	     1919251301	     1952801824	     1919251301	     1952801824	     1919251301	
     1634624544	     1853125408	     1634624544	     1853125408	     1634624544	     1853125408	     1634624544	     1853125408	     1634624544	     1853125408	     1634624544	     1853125408	     1634624544	     1853125408	     1634624544	     1853125408	
     1768846181	     1629515873	     1768846181	     1629515873	     1768846181	     1629515873	     1768846181	     1629515873	     1768846181	     1629515873	     1768846181	     1629515873	     1768846181	     1629515873	     1768846181	     1629515873	
     1668641381	     1918987372	     1668641381	     1918987372	     1668641381	     1918987372	     1668641381	     1918987372	     1668641381	     1918987372	     1668641381	     1918987372	     1668641381	     1918987372	     1668641381	     1918987372	
      543257376	     1701584993	      543257376	     1701584993	      543257376	     1701584993	      543257376	     1701584993	      543257376	     1701584993	      543257376	     1701584993	      543257376	     1701584993	      543257376	     1701584993	
     1952801640	     1919117417	     1952801640	     1919117417	     1952801640	     1919117417	     1952801640	     1919117417	     1952801640	     1919117417	     1952801640	     1919117417	     1952801640	     1919117417	     1952801640	     1919117417	
     1852796015	     1952801652	     1852796015	     1952801652	     1852796015	     1952801652	     1852796015	     1952801652	     1852796015	     1952801652	     1852796015	     1952801652	     1852796015	     1952801652	     1852796015	     1952801652	
     1735991393	     1970431264	     1735991393	     1970431264	     1735991393	     1970431264	     1735991393	     1970431264	     1735991393	     1970431264	     1735991393	     1970431264	     1735991393	     1970431264	     1735991393	     1970431264	
     1685479790	     1684371045	     1685479790	     1684371045	     1685479790	     1684371045	     1685479790	     1684371045	     1685479790	     1684371045	     1685479790	     1684371045	     1685479790	     1684371045	     1685479790	     1684371045	
              0	              0	              0	              0	              0	              0	              0	              0	              0	              0	              0	              0	              0	              0	              0	              0	
              0	              0	              0	              0	              0	              0	              0	              0	              0	              0	              0	              0	              0	              0	              0	              0	
     1667589164	     1819242597	     1667589164	     1819242597	     1667589164	     1819242597	     1667589164	     1819242597	     1667589164	     1819242597	     1667589164	     1819242597	     1667589164	     1819242597	     1667589164	     1819242597	
      544042867	     1679848819	      544042867	     1679848819	      544042867	     1679848819	      544042867	     1679848819	      544042867	     1679848819	      544042867	     1679848819	      544042867	     1679848819	      544042867	     1679848819	
     1953265952	     1768843040	     1953265952	     1768843040	     1953265952	     1768843040	     1953265952	     1768843040	     1953265952	     1768843040	     1953265952	     1768843040	     1953265952	     1768843040	     1953265952	     1768843040	
     1650811745	     1179666241	     1650811745	     1179666241	     1650811745	     1179666241	     1650811745	     1179666241	     1650811745	     1179666241	     1650811745	     1179666241	     1650811745	     1179666241	     1650811745	     1179666241	
     1970496800	      740319865	     1970496800	      740319865	     1970496800	      740319865	     1970496800	      740319865	     1970496800	      740319865	     1970496800	      740319865	     1970496800	      740319865	     1970496800	      740319865	
     1868963945	      544434287	     1868963945	      544434287	     1868963945	      544434287	     1868963945	      544434287	     1868963945	      544434287	     1868963945	      544434287	     1868963945	      544434287	     1868963945	      544434287	
     1953702003	     2003398247	     1953702003	     2003398247	     1953702003	     2003398247	     1953702003	     2003398247	     1953702003	     2003398247	     1953702003	     2003398247	     1953702003	     2003398247	     1953702003	     2003398247	
     1752134260	      543236205	     1752134260	      543236205	     1752134260	      543236205	     1752134260	      543236205	     1752134260	      543236205	     1752134260	      543236205	     1752134260	      543236205	     1752134260	      543236205	
      543909241	     1702127727	      543909241	     1702127727	      543909241	     1702127727	      543909241	     1702127727	      543909241	     1702127727	      543909241	     1702127727	      543909241	     1702127727	      543909241	     1702127727	
      543974766	     1679847270	      543974766	     1679847270	      543974766	     1679847270	      543974766	     1679847270	      543974766	     1679847270	      543974766	     1679847270	      543974766	     1679847270	      543974766	     1679847270	
     1735682094	      543253352	     1735682094	      543253352	     1735682094	      543253352	     1735682094	      543253352	     1735682094	      543253352	     1735682094	      543253352	     1735682094	      543253352	     1735682094	      543253352	
      542402661	     1768257129	      542402661	     1768257129	      542402661	     1768257129	      542402661	     1768257129	      542402661	     1768257129	      542402661	     1768257129	      542402661	     1768257129	      542402661	     1768257129	
      541148499	     1852252269	      541148499	     1852252269	      541148499	     1852252269	      541148499	     1852252269	      541148499	     1852252269	      541148499	     1852252269	      541148499	     1852252269	      541148499	     1852252269	
      543255655	     1635281261	      543255655	     1635281261	      543255655	     1635281261	      543255655	     1635281261	      543255655	     1635281261	      543255655	     1635281261	      543255655	     1635281261	      543255655	     1635281261	
     1869769076	     1970085992	     1869769076	     1970085992	     1869769076	     1970085992	     1869769076	     1970085992	     1869769076	     1970085992	     1869769076	     1970085992	     1869769076	     1970085992	     1869769076	     1970085992	
     1751982112	     1701995808	     1751982112	     1701995808	     1751982112	     1701995808	     1751982112	     1701995808	     1751982112	     1701995808	     1751982112	     1701995808	     1751982112	     1701995808	     1751982112	     1701995808	
              0	              0	              0	              0	              0	              0	              0	              0	              0	              0	              0	              0	              0	              0	              0	              0	
              0	              0	              0	              0	              0	              0	              0	              0	              0	              0	              0	              0	              0	              0	              0	              0	
     1769152631	     2002875168	     1769152631	     2002875168	     1769152631	     2002875168	     1769152631	     2002875168	     1769152631	     2002875168	     1769152631	     2002875168	     1769152631	     2002875168	     1769152631	     2002875168	
     1768187244	     1629516645	     1768187244	     1629516645	     1768187244	     1629516645	     1768187244	     1629516645	     1768187244	     1629516645	     1768187244	     1629516645	     1768187244	     1629516645	     1768187244	     1629516645	
     2032170355	     1903519086	     2032170355	     1903519086	     2032170355	     1903519086	     2032170355	     1903519086	     2032170355	     1903519086	     2032170355	     1903519086	     2032170355	     1903519086	     2032170355	     1903519086	
     1701060713	     1953063276	     1701060713	     1953063276	     1701060713	     1953063276	     1701060713	     1953063276	     1701060713	     1953063276	     1701060713	     1953063276	     1701060713	     1953063276	     1701060713	     1953063276	
     1847621481	      543518307	     1847621481	      543518307	     1847621481	      543518307	     1847621481	      543518307	     1847621481	      543518307	     1847621481	      543518307	     1847621481	      543518307	     1847621481	      543518307	
     1919249509	     1920561268	     1919249509	     1920561268	     1919249509	     1920561268	     1919249509	     1920561268	     1919249509	     1920561268	     1919249509	     1920561268	     1919249509	     1920561268	     1919249509	     1920561268	
     1936924787	     1768910368	     1936924787	     1768910368	     1936924787	     1768910368	     1936924787	     1768910368	     1936924787	     1768910368	     1936924787	     1768910368	     1936924787	     1768910368	     1936924787	     1768910368	
     1701016946	     1768779884	     1701016946	     1768779884	     1701016946	     1768779884	     1701016946	     1768779884	     1701016946	     1768779884	     1701016946	     1768779884	     1701016946	     1768779884	     1701016946	     1768779884	
     1769240876	     1701668206	     1769240876	     1701668206	     1769240876	     1701668206	     1769240876	     1701668206	     1769240876	     1701668206	     1769240876	     1701668206	     1769240876	     1701668206	     1769240876	     1701668206	
      543582572	     1952801824	      543582572	     1952801824	      543582572	     1952801824	      543582572	     1952801824	      543582572	     1952801824	      543582572	     1952801824	      543582572	     1952801824	      543582572	     1952801824	
     1696621934	     1869488201	     1696621934	     1869488201	     1696621934	     1869488201	     1696621934	     1869488201	     1696621934	     1869488201	     1696621934	     1869488201	     1696621934	     1869488201	     1696621934	     1869488201	
     1668446576	     1853121900	     1668446576	     1853121900	     1668446576	     1853121900	     1668446576	     1853121900	     1668446576	     1853121900	     1668446576	     1853121900	     1668446576	     1853121900	     1668446576	     1853121900	
     1953066862	      541290354	     1953066862	      541290354	     1953066862	      541290354	     1953066862	      541290354	     1953066862	      541290354	     1953066862	      541290354	     1953066862	      541290354	     1953066862	      541290354	
      740315987	     1696622903	      740315987	     1696622903	      740315987	     1696622903	      740315987	     1696622903	      740315987	     1696622903	      740315987	     1696622903	      740315987	     1696622903	      740315987	     1696622903	
     1278170188	      758396729	     1278170188	      758396729	     1278170188	      758396729	     1278170188	      758396729	     1278170188	      758396729	     1278170188	      758396729	     1278170188	      758396729	     1278170188	      758396729	
     1394632052	      807420752	     1394632052	      807420752	     1394632052	      807420752	     1394632052	      807420752	     1394632052	      807420752	     1394632052	      807420752	     1394632052	      807420752	     1394632052	      807420752	
              0	              0	              0	              0	              0	              0	              0	              0	              0	              0	              0	              0	              0	              0	              0	              0	
              0	              0	              0	              0	              0	              0	              0	              0	              0	              0	              0	              0	              0	              0	              0	              0	
     1663967297	     1428185454	     1663967297	     1428185454	     1663967297	     1428185454	     1663967297	     1428185454	     1663967297	     1428185454	     1663967297	     1428185454	     1663967297	     1428185454	     1663967297	     1428185454	
     1163078688	     1679843616	     1163078688	     1679843616	     1163078688	     1679843616	     1163078688	     1679843616	     1163078688	     1679843616	     1163078688	     1679843616	     1163078688	     1679843616	     1163078688	     1679843616	
     1634497391	     1885434465	     1634497391	     1885434465	     1634497391	     1885434465	     1634497391	     1885434465	     1634497391	     1885434465	     1634497391	     1885434465	     1634497391	     1885434465	     1634497391	     1885434465	
      543911535	     1819043180	      543911535	     1819043180	      543911535	     1819043180	      543911535	     1819043180	      543911535	     1819043180	      543911535	     1819043180	      543911535	     1819043180	      543911535	     1819043180	
     2003705954	      544173669	     2003705954	      544173669	     2003705954	      544173669	     2003705954	      544173669	     2003705954	      544173669	     2003705954	      544173669	     2003705954	      544173669	     2003705954	      544173669	
     2032167284	      544173600	     2032167284	      544173600	     2032167284	      544173600	     2032167284	      544173600	     2032167284	      544173600	     2032167284	      544173600	     2032167284	      544173600	     2032167284	      544173600	
     1931505522	     1952998688	     1931505522	     1952998688	     1931505522	     1952998688	     1931505522	     1952998688	     1931505522	     1952998688	     1931505522	     1952998688	     1931505522	     1952998688	     1931505522	     1952998688	
     1768384878	     1196447008	     1768384878	     1196447008	     1768384878	     1196447008	     1768384878	     1196447008	     1768384878	     1196447008	     1768384878	     1196447008	     1768384878	     1196447008	     1768384878	     1196447008	
     1634476064	     1868963918	     1634476064	     1868963918	     1634476064	     1868963918	     1634476064	     1868963918	     1634476064	     1868963918	     1634476064	     1868963918	     1634476064	     1868963918	     1634476064	     1868963918	
     1851878757	     1447642185	     1851878757	     1447642185	     1851878757	     1447642185	     1851878757	     1447642185	     1851878757	     1447642185	     1851878757	     1447642185	     1851878757	     1447642185	     1851878757	     1447642185	
      542271850	     1092637797	      542271850	     1092637797	      542271850	     1092637797	      542271850	     1092637797	      542271850	     1092637797	      542271850	     1092637797	      542271850	     1092637797	      542271850	     1092637797	
     1852072293	     1936482592	     1852072293	     1936482592	     1852072293	     1936482592	     1852072293	     1936482592	     1852072293	     1936482592	     1852072293	     1936482592	     1852072293	     1936482592	     1852072293	     1936482592	
     1814831209	     1261711392	     1814831209	     1261711392	     1814831209	     1261711392	     1814831209	     1261711392	     1814831209	     1261711392	     1814831209	     1261711392	     1814831209	     1261711392	     1814831209	     1261711392	
     1931501856	     1668247155	     1931501856	     1668247155	     1931501856	     1668247155	     1931501856	     1668247155	     1931501856	     1668247155	     1931501856	     1668247155	     1931501856	     1668247155	     1931501856	     1668247155	
     1937337709	     1769174121	     1937337709	     1769174121	     1937337709	     1769174121	     1937337709	     1769174121	     1937337709	     1769174121	     1937337709	     1769174121	     1937337709	     1769174121	     1937337709	     1769174121	
     1702130281	     1852252271	     1702130281	     1852252271	     1702130281	     1852252271	     1702130281	     1852252271	     1702130281	     1852252271	     1702130281	     1852252271	     1702130281	     1852252271	     1702130281	     1852252271	
              0	              0	              0	              0	              0	              0	              0	              0	              0	              0	              0	              0	              0	              0	              0	              0	
              0	              0	              0	              0	              0	              0	              0	              0	              0	              0	              0	              0	              0	              0	              0	              0	
     1663069029	     1713386040	     1663069029	     1713386040	     1663069029	     1713386040	     1663069029	     1713386040	     1663069029	     1713386040	     1663069029	     1713386040	     1663069029	     1713386040	     1663069029	     1713386040	
     2032165228	      942678115	     2032165228	      942678115	     2032165228	      942678115	     2032165228	      942678115	     2032165228	      942678115	     2032165228	      942678115	     2032165228	      942678115	     2032165228	      942678115	
     1735357033	     1869768051	     1735357033	     1869768051	     1735357033	     1869768051	     1735357033	     1869768051	     1735357033	     1869768051	     1735357033	     1869768051	     1735357033	     1869768051	     1735357033	     1869768051	
     1953000748	      539504949	     1953000748	      539504949	     1953000748	      539504949	     1953000748	      539504949	     1953000748	      539504949	     1953000748	      539504949	     1953000748	      539504949	     1953000748	      539504949	
      544174624	      541947244	      544174624	      541947244	      544174624	      541947244	      544174624	      541947244	      544174624	      541947244	      544174624	      541947244	      544174624	      541947244	      544174624	      541947244	
     1936024434	     1953067122	     1936024434	     1953067122	     1936024434	     1953067122	     1936024434	     1953067122	     1936024434	     1953067122	     1936024434	     1953067122	     1936024434	     1953067122	     1936024434	     1953067122	
     1702112619	     1868785011	     1702112619	     1868785011	     1702112619	     1868785011	     1702112619	     1868785011	     1702112619	     1868785011	     1702112619	     1868785011	     1702112619	     1868785011	     1702112619	     1868785011	
     1702436961	     1936683635	     1702436961	     1936683635	     1702436961	     1936683635	     1702436961	     1936683635	     1702436961	     1936683635	     1702436961	     1936683635	     1702436961	     1936683635	     1702436961	     1936683635	
     1818718066	      740307257	     1818718066	      740307257	     1818718066	      740307257	     1818718066	      740307257	     1818718066	      740307257	     1818718066	      740307257	     1818718066	      740307257	     1818718066	      740307257	
     1769236589	      840983407	     1769236589	      840983407	     1769236589	      840983407	     1769236589	      840983407	     1769236589	      840983407	     1769236589	      840983407	     1769236589	      840983407	     1769236589	      840983407	
      740322661	     1919251232	      740322661	     1919251232	      740322661	     1919251232	      740322661	     1919251232	      740322661	     1919251232	      740322661	     1919251232	      740322661	     1919251232	      740322661	     1919251232	
     1634625902	     1700881256	     1634625902	     1700881256	     1634625902	     1700881256	     1634625902	     1700881256	     1634625902	     1700881256	     1634625902	     1700881256	     1634625902	     1700881256	     1634625902	     1700881256	
     1730180200	      690888788	     1730180200	      690888788	     1730180200	      690888788	     1730180200	      690888788	     1730180200	      690888788	     1730180200	      690888788	     1730180200	      690888788	     1730180200	      690888788	
     1635000418	     1751457906	     1635000418	     1751457906	     1635000418	     1751457906	     1635000418	     1751457906	     1635000418	     1751457906	     1635000418	     1751457906	     1635000418	     1751457906	     1635000418	     1751457906	
     1869899808	     1702065516	     1869899808	     1702065516	     1869899808	     1702065516	     1869899808	     1702065516	     1869899808	     1702065516	     1869899808	     1702065516	     1869899808	     1702065516	     1869899808	     1702065516	
     1952998688	     1953702003	     1952998688	     1953702003	     1952998688	     1953702003	     1952998688	     1953702003	     1952998688	     1953702003	     1952998688	     1953702003	     1952998688	     1953702003	     1952998688	     1953702003	
              0	              0	              0	              0	              0	              0	              0	              0	              0	              0	              0	              0	              0	              0	              0	              0	
              0	              0	              0	              0	              0	              0	              0	              0	              0	              0	              0	              0	              0	              0	              0	              0	
     1701733234	     1752135525	     1701733234	     1752135525	     1701733234	     1752135525	     1701733234	     1752135525	     1701733234	     1752135525	     1701733234	     1752135525	     1701733234	     1752135525	     1701733234	     1752135525	
     2037412969	     1679848552	     2037412969	     1679848552	     2037412969	     1679848552	     2037412969	     1679848552	     2037412969	     1679848552	     2037412969	     1679848552	     2037412969	     1679848552	     2037412969	     1679848552	
     1869488225	     1635000436	     1869488225	     1635000436	     1869488225	     1635000436	     1869488225	     1635000436	     1869488225	     1635000436	     1869488225	     1635000436	     1869488225	     1635000436	     1869488225	     1635000436	
     1852055668	     1751457907	     1852055668	     1751457907	     1852055668	     1751457907	     1852055668	     1751457907	     1852055668	     1751457907	     1852055668	     1751457907	     1852055668	     1751457907	     1852055668	     1751457907	
     1751457892	     1885693284	     1751457892	     1885693284	     1751457892	     1885693284	     1751457892	     1885693284	     1751457892	     1885693284	     1751457892	     1885693284	     1751457892	     1885693284	     1751457892	     1885693284	
     1701016185	     1970282601	     1701016185	     1970282601	     1701016185	     1970282601	     1701016185	     1970282601	     1701016185	     1970282601	     1701016185	     1970282601	     1701016185	     1970282601	     1701016185	     1970282601	
     1886677359	     1931503982	     1886677359	     1931503982	     1886677359	     1931503982	     1886677359	     1931503982	     1886677359	     1931503982	     1886677359	     1931503982	     1886677359	     1931503982	     1886677359	     1931503982	
     1847615858	     1668441441	     1847615858	     1668441441	     1847615858	     1668441441	     1847615858	     1668441441	     1847615858	     1668441441	     1847615858	     1668441441	     1847615858	     1668441441	     1847615858	     1668441441	
     1696624741	     1936289383	     1696624741	     1936289383	     1696624741	     1936289383	     1696624741	     1936289383	     1696624741	     1936289383	     1696624741	     1936289383	     1696624741	     1936289383	     1696624741	     1936289383	
     1919315826	      543257376	     1919315826	      543257376	     1919315826	      543257376	     1919315826	      543257376	     1919315826	      543257376	     1919315826	      543257376	     1919315826	      543257376	     1919315826	      543257376	
     1835361312	     1952998688	     1835361312	     1952998688	     1835361312	     1952998688	     1835361312	     1952998688	     1835361312	     1952998688	     1835361312	     1952998688	     1835361312	     1952998688	     1835361312	     1952998688	
     2003399784	     1684108385	     2003399784	     1684108385	     2003399784	     1684108385	     2003399784	     1684108385	     2003399784	     1684108385	     2003399784	     1684108385	     2003399784	     1684108385	     2003399784	     1684108385	
      544499813	      544434554	      544499813	      544434554	      544499813	      544434554	      544499813	      544434554	      544499813	      544434554	      544499813	      544434554	      544499813	      544434554	      544499813	      544434554	
      544432493	     1696622958	      544432493	     1696622958	      544432493	     1696622958	      544432493	     1696622958	      544432493	     1696622958	      544432493	     1696622958	      544432493	     1696622958	      544432493	     1696622958	
     1696623461	     1668441441	     1696623461	     1668441441	     1696623461	     1668441441	     1696623461	     1668441441	     1696623461	     1668441441	     1696623461	     1668441441	     1696623461	     1668441441	     1696623461	     1668441441	
     2033066016	     1936028460	     2033066016	     1936028460	     2033066016	     1936028460	     2033066016	     1936028460	     2033066016	     1936028460	     2033066016	     1936028460	     2033066016	     1936028460	     2033066016	     1936028460	
              0	              0	              0	              0	              0	              0	              0	              0	              0	              0	              0	              0	              0	              0	              0	              0	
              0	              0	              0	              0	              0	              0	              0	              0	              0	              0	              0	              0	              0	              0	              0	              0	
     1095062304	      543253352	     1095062304	      543253352	     1095062304	      543253352	     1095062304	      543253352	     1095062304	      543253352	     1095062304	      543253352	     1095062304	      543253352	     1095062304	      543253352	
      543781664	     1768257129	      543781664	     1768257129	      543781664	     1768257129	      543781664	     1768257129	      543781664	     1768257129	      543781664	     1768257129	      543781664	     1768257129	      543781664	     1768257129	
     1634497391	     1852252257	     1634497391	     1852252257	     1634497391	     1852252257	     1634497391	     1852252257	     1634497391	     1852252257	     1634497391	     1852252257	     1634497391	     1852252257	     1634497391	     1852252257	
      543236194	     1847616888	      543236194	     1847616888	      543236194	     1847616888	      543236194	     1847616888	      543236194	     1847616888	      543236194	     1847616888	      543236194	     1847616888	      543236194	     1847616888	
     1819239275	     1701016948	     1819239275	     1701016948	     1819239275	     1701016948	     1819239275	     1701016948	     1819239275	     1701016948	     1819239275	     1701016948	     1819239275	     1701016948	     1819239275	     1701016948	
      538993513	     1768910368	      538993513	     1768910368	      538993513	     1768910368	      538993513	     1768910368	      538993513	     1768910368	      538993513	     1768910368	      538993513	     1768910368	      538993513	     1768910368	
     1885889906	     1953066341	     1885889906	     1953066341	     1885889906	     1953066341	     1885889906	     1953066341	     1885889906	     1953066341	     1885889906	     1953066341	     1885889906	     1953066341	     1885889906	     1953066341	
      740324456	      544171552	      740324456	      544171552	      740324456	      544171552	      740324456	      544171552	      740324456	      544171552	      740324456	      544171552	      740324456	      544171552	      740324456	      544171552	
     1635000437	      909192755	     1635000437	      909192755	     1635000437	      909192755	     1635000437	      909192755	     1635000437	      909192755	     1635000437	      909192755	     1635000437	      909192755	     1635000437	      909192755	
     1936028448	      913842291	     1936028448	      913842291	     1936028448	      913842291	     1936028448	      913842291	     1936028448	      913842291	     1936028448	      913842291	     1936028448	      913842291	     1936028448	      913842291	
      825374765	     1835101292	      825374765	     1835101292	      825374765	     1835101292	      825374765	     1835101292	      825374765	     1835101292	      825374765	     1835101292	      825374765	     1835101292	      825374765	     1835101292	
     1651078188	     1701978223	     1651078188	     1701978223	     1651078188	     1701978223	     1651078188	     1701978223	     1651078188	     1701978223	     1651078188	     1701978223	     1651078188	     1701978223	     1651078188	     1701978223	
      540096818	     1847609168	      540096818	     1847609168	      540096818	     1847609168	      540096818	     1847609168	      540096818	     1847609168	      540096818	     1847609168	      540096818	     1847609168	      540096818	     1847609168	
      761424244	     1428190312	      761424244	     1428190312	      761424244	     1428190312	      761424244	     1428190312	      761424244	     1428190312	      761424244	     1428190312	      761424244	     1428190312	      761424244	     1428190312	
      544174624	     1634607215	      544174624	     1634607215	      544174624	     1634607215	      544174624	     1634607215	      544174624	     1634607215	      544174624	     1634607215	      544174624	     1634607215	      544174624	     1634607215	
      842348077	     1847608144	      842348077	     1847608144	      842348077	     1847608144	      842348077	     1847608144	      842348077	     1847608144	      842348077	     1847608144	      842348077	     1847608144	      842348077	     1847608144	
              0	              0	              0	              0	              0	              0	              0	              0	              0	              0	              0	              0	              0	              0	              0	              0	
              0	              0	              0	              0	              0	              0	              0	              0	              0	              0	              0	              0	              0	              0	              0	              0	
     1651078176	     1428186735	     1651078176	     1428186735	     1651078176	     1428186735	     1651078176	     1428186735	     1651078176	     1428186735	     1651078176	     1428186735	     1651078176	     1428186735	     1651078176	     1428186735	
     1801812256	     1914712629	     1801812256	     1914712629	     1801812256	     1914712629	     1801812256	     1914712629	     1801812256	     1914712629	     1801812256	     1914712629	     1801812256	     1914712629	     1801812256	     1914712629	
      544501536	      908086082	      544501536	      908086082	      544501536	      908086082	      544501536	      908086082	      544501536	      908086082	      544501536	      908086082	      544501536	      908086082	      544501536	      908086082	
     1886547811	      773867885	     1886547811	      773867885	     1886547811	      773867885	     1886547811	      773867885	     1886547811	      773867885	     1886547811	      773867885	     1886547811	      773867885	     1886547811	      773867885	
     1702064928	     1886152045	     1702064928	     1886152045	     1702064928	     1886152045	     1702064928	     1886152045	     1702064928	     1886152045	     1702064928	     1886152045	     1702064928	     1886152045	     1702064928	     1886152045	
      825374765	     1701737577	      825374765	     1701737577	      825374765	     1701737577	      825374765	     1701737577	      825374765	     1701737577	      825374765	     1701737577	      825374765	     1701737577	      825374765	     1701737577	
     1651078176	     1852252272	     1651078176	     1852252272	     1651078176	     1852252272	     1651078176	     1852252272	     1651078176	     1852252272	     1651078176	     1852252272	     1651078176	     1852252272	     1651078176	     1852252272	
     1684108385	     1634885996	     1684108385	     1634885996	     1684108385	     1634885996	     1684108385	     1634885996	     1684108385	     1634885996	     1684108385	     1634885996	     1684108385	     1634885996	     1684108385	     1634885996	
      543321199	     1818586217	      543321199	     1818586217	      543321199	     1818586217	      543321199	     1818586217	      543321199	     1818586217	      543321199	     1818586217	      543321199	     1818586217	      543321199	     1818586217	
     1667986222	     1936531558	     1667986222	     1936531558	     1667986222	     1936531558	     1667986222	     1936531558	     1667986222	     1936531558	     1667986222	     1936531558	     1667986222	     1936531558	     1667986222	     1936531558	
      538976288	     1869750388	      538976288	     1869750388	      538976288	     1869750388	      538976288	     1869750388	      538976288	     1869750388	      538976288	     1869750388	      538976288	     1869750388	      538976288	     1869750388	
     1095062304	     1751457875	     1095062304	     1751457875	     1095062304	     1751457875	     1095062304	     1751457875	     1095062304	     1751457875	     1095062304	     1751457875	     1095062304	     1751457875	     1095062304	     1751457875	
     1668246885	     1229800480	     1668246885	     1229800480	     1668246885	     1229800480	     1668246885	     1229800480	     1668246885	     1229800480	     1668246885	     1229800480	     1668246885	     1229800480	     1668246885	     1229800480	
     1931507561	     1634886504	     1931507561	     1634886504	     1931507561	     1634886504	     1931507561	     1634886504	     1931507561	     1634886504	     1931507561	     1634886504	     1931507561	     1634886504	     1931507561	     1634886504	
     1952981089	     1769235811	     1952981089	     1769235811	     1952981089	     1769235811	     1952981089	     1769235811	     1952981089	     1769235811	     1952981089	     1769235811	     1952981089	     1769235811	     1952981089	     1769235811	
      543909241	     1953854053	      543909241	     1953854053	      543909241	     1953854053	      543909241	     1953854053	      543909241	     1953854053	      543909241	     1953854053	      543909241	     1953854053	      543909241	     1953854053	
              0	              0	              0	              0	              0	              0	              0	              0	              0	              0	              0	              0	              0	              0	              0	              0	
              0	              0	              0	              0	              0	              0	              0	              0	              0	              0	              0	              0	              0	              0	              0	              0	
      543520880	      544171552	      543520880	      544171552	      543520880	      544171552	      543520880	      544171552	      543520880	      544171552	      543520880	      544171552	      543520880	      544171552	      543520880	      544171552	
     1634628457	     1952998688	     1634628457	     1952998688	     1634628457	     1952998688	     1634628457	     1952998688	     1634628457	     1952998688	     1634628457	     1952998688	     1634628457	     1952998688	     1634628457	     1952998688	
     1869488225	     1836412020	     1869488225	     1836412020	     1869488225	     1836412020	     1869488225	     1836412020	     1869488225	     1836412020	     1869488225	     1836412020	     1869488225	     1836412020	     1869488225	     1836412020	
     1818718066	     1768977007	     1818718066	     1768977007	     1818718066	     1768977007	     1818718066	     1768977007	     1818718066	     1768977007	     1818718066	     1768977007	     1818718066	     1768977007	     1818718066	     1768977007	
     1769236589	     1667593075	     1769236589	     1667593075	     1769236589	     1667593075	     1769236589	     1667593075	     1769236589	     1667593075	     1769236589	     1667593075	     1769236589	     1667593075	     1769236589	     1667593075	
      740324207	     1869771552	      740324207	     1869771552	      740324207	     1869771552	      740324207	     1869771552	      740324207	     1869771552	      740324207	     1869771552	      740324207	     1869771552	      740324207	     1869771552	
      544499809	     1768824948	      544499809	     1768824948	      544499809	     1768824948	      544499809	     1768824948	      544499809	     1768824948	      544499809	     1768824948	      544499809	     1768824948	      544499809	     1768824948	
     1948280161	     1751457863	     1948280161	     1751457863	     1948280161	     1751457863	     1948280161	     1751457863	     1948280161	     1751457863	     1948280161	     1751457863	     1948280161	     1751457863	     1948280161	     1751457863	
     1667768421	     1347756144	     1667768421	     1347756144	     1667768421	     1347756144	     1667768421	     1347756144	     1667768421	     1347756144	     1667768421	     1347756144	     1667768421	     1347756144	     1667768421	     1347756144	
     1852011129	     1919907429	     1852011129	     1919907429	     1852011129	     1919907429	     1852011129	     1919907429	     1852011129	     1919907429	     1852011129	     1919907429	     1852011129	     1919907429	     1852011129	     1919907429	
     1886683136	     1679848559	     1886683136	     1679848559	     1886683136	     1679848559	     1886683136	     1679848559	     1886683136	     1679848559	     1886683136	     1679848559	     1886683136	     1679848559	     1886683136	     1679848559	
              0	     2147483648	              0	     2147483648	              0	     2147483648	              0	     2147483648	              0	     2147483648	              0	     2147483648	              0	     2147483648	              0	     2147483648	
              0	              0	              0	              0	              0	              0	              0	              0	              0	              0	              0	              0	              0	              0	              0	              0	
              0	              0	              0	              0	              0	              0	              0	              0	              0	              0	              0	              0	              0	              0	              0	              0	
              0	              0	              0	              0	              0	              0	              0	              0	              0	              0	              0	              0	              0	              0	              0	              0	
           8016	           8032	           8016	           8032	           8016	           8032	           8016	           8032	           8016	           8032	           8016	           8032	           8016	           8032	           8016	           8032	
              1	              1	              1	              1	              1	              1	              1	              1	              1	              1	              1	              1	              1	              1	              1	              1	
