1	1	1	0	1	1	1	1	0	0	0	0	0	0	0	0
1751477356	1751477356	1751477356	1751477356	1751477356	1751477356	1751477356	1751477356	1751477356	1751477356	1751477356	1751477356	1751477356	1751477356	1751477356	1751477356	
1864398703	1864398703	1864398703	1864398703	1864398703	1864398703	1864398703	1864398703	1864398703	1864398703	1864398703	1864398703	1864398703	1864398703	1864398703	1864398703	
1919706240	1919706240	1919706240	1919706240	1919706240	1919706240	1919706240	1919706240	1919706240	1919706240	1919706240	1919706240	1919706240	1919706240	1919706240	1919706240	
0	0	0	0	0	0	0	0	0	0	0	0	0	0	0	0	
0	0	0	0	0	0	0	0	0	0	0	0	0	0	0	0	
0	0	0	0	0	0	0	0	0	0	0	0	0	0	0	0	
0	0	0	0	0	0	0	0	0	0	0	0	0	0	0	0	
0	0	0	0	0	0	0	0	0	0	0	0	0	0	0	0	
0	0	0	0	0	0	0	0	0	0	0	0	0	0	0	0	
0	0	0	0	0	0	0	0	0	0	0	0	0	0	0	0	
0	0	0	0	0	0	0	0	0	0	0	0	0	0	0	0	
0	0	0	0	0	0	0	0	0	0	0	0	0	0	0	0	
0	0	0	0	0	0	0	0	0	0	0	0	0	0	0	0	
0	0	0	0	0	0	0	0	0	0	0	0	0	0	0	0	
0	0	0	0	0	0	0	0	0	0	0	0	0	0	0	0	
88	88	88	88	88	88	88	88	88	88	88	88	88	88	88	88	
1	0	1	1	1	0	0	0	1	1	1	0	1	1	0	1
