        72         48        224          9        148        238         75        109          9        124         98        180          8        109        115        238 
        65        180        115        222         51        240        212        188         33        219         12         54          9         39         75         96 
       104         80        163        135         35        119        202        212        103        230        239         81        201         16        215        174 
       201         50         13         17        131        245        149        129        185        164         99        164         94        246         59        186 
         8         78        182        200         64         46        116         26         58         66        170         93        217        134        184         53 
       176        231        112        214        134        255        149         21        199        224        123        248        101         25        126         65 
       234        214        208         95         70         99        247        219        130         49         57        103        217         50         33        211 
       166        128        178        100        219        131         59         14        207         70        118        171         43        128        163         93 
       177        243        255         11        255        126         69        127        177        128        122         49        251        224        250        175 
       198        154        212         33         19        207        155         33        159         42        253        162        217        106         27        138 
       157         16         41        210        144         32         49        184        226        100         29         37          7        247         16         79 
        19        163        229         56        160        155        237        218        172        216         23         15        106         24         86        178 
       132        162        184        135         74         72        174        241        168        217        229         38        211          7         73        165 
        85         38        179        151         76        113          3         84        214        195        140         22        223        220        121        117 
         4         77        218         87         46        231         73        254         82         10        246          5         97        147        224        108 
       247        231        165        132        109         47        133        218        238        252        191        240        114        224        122         70 
