        41        116        123         27        174        105        238        111         50         92        197         86         69         27        164         24         44         10        153        128        117        208        248        218        187        159         32        158        212        102        133        156 
        37         59        118        132         74        216        161        186         27        132         20        188        100        124         68        175         32          5        234         13        119         72        185         80        157        129         24        228        235         68         33        164 
       253         52         18        177         72        240        180         62        231        237        193        137         36        164         53         92        174          9        182          8        220         18        162        115        166        242        189        192         63        108        172         84 
       244         60         55        139          9        122        129        247        228         38        150        155        148         90        252        182         60        144         89         83         62         15        143        190         13        108        111         39         36        174        124        197 
        16        231        211         78        193        186         96        126        198        113         80        255        213         41        148        203        199        217         63        115        208        182        136         32        190        233         85         68        118        105         57         98 
        94         96         69        182        250        110        189        177        132        234        219         51        149        132         70         53         38        214        121        193        105        176        209         48        152         64        234        212        108        207        164        123 
        93        207         64         30        200        172         79         21        135         69         88         25         36         60         12         14          4        158        159         65         36        143        138         86         27        169         92         25        138         51         15        244 
        93         23        204        145         17        242        175        227        242        205        245        137          1        248         11        180         69         35        192        253         14          9         21        120        161         65        155        156         78        223        211        241 
        12        113        205        188         61        151         44        252         14         34         43        206        154         18         76         92        193         71         49        171        141        229        113        130         31        217        136         67         51         65         81        243 
       116        193         34        104        109         73         83        221         54         42        125          8        107        239         20        224         30        215        238         88         45        207        209        164        163        201        171        141         90        221        205        141 
         4        204         65        203          1         26        211        205        167         93         28        150        116        171        198        155          3        115        188        112        207        189          6         41         64        209        240        241        116        225        172         56 
        97         24         63        106         46        233        185         22        234         14        178        161         40         16        171        128        226        142        160         88         85        212        214        140        160        207        252        118        230        200        145         85 
       202        171         79        217          9        187         11         42         32         40        105        100        253        239         97        149         50         71         98         99        153        113         55        203        128         47         92         45        103        101         15         65 
         2        208        224        207        208        207        188        183        195          1        238         24         39        207        200        250        133         89        152         89        200        163        218        233         94         58        173        134        154        105        217          0 
       135        249          9        231         27        153        103        214        245         26        237        240        121        113        103        234        240         47        175        246         88        195        166        232        166        115        204         15        145        247        192         81 
       159         90        219        230        212         77         67        221        227         38        226        117        204        151         97        105         61        191         18        150         15        240         33        239        137        152        178         40        222         48        114         93 
