        41        116        123         27        174        105        238        111         50         92        197         86         69         27        164         24         44         10        153        128        117        208        248        218        187        159         32        158        212        102        133        156 
        37         59        118        132         74        216        161        186         27        132         20        188        100        124         68        175         32          5        234         13        119         72        185         80        157        129         24        228        235         68         33        164 
       253         52         18        177         72        240        180         62        231        237        193        137         36        164         53         92        174          9        182          8        220         18        162        115        166        242        189        192         63        108        172         84 
       244         60         55        139          9        122        129        247        228         38        150        155        148         90        252        182         60        144         89         83         62         15        143        190         13        108        111         39         36        174        124        197 
        16        231        211         78        193        186         96        126        198        113         80        255        213         41        148        203        199        217         63        115        208        182        136         32        190        233         85         68        118        105         57         98 
        94         96         69        182        250        110        189        177        132        234        219         51        149        132         70         53         38        214        121        193        105        176        209         48        152         64        234        212        108        207        164        123 
        93        207         64         30        200        172         79         21        135         69         88         25         36         60         12         14          4        158        159         65         36        143        138         86         27        169         92         25        138         51         15        244 
        93         23        204        145         17        242        175        227        242        205        245        137          1        248         11        180         69         35        192        253         14          9         21        120        161         65        155        156         78        223        211        241 
        12        113        205        188         61        151         44        252         14         34         43        206        154         18         76         92        193         71         49        171        141        229        113        130         31        217        136         67         51         65         81        243 
       116        193         34        104        109         73         83        221         54         42        125          8        107        239         20        224         30        215        238         88         45        207        209        164        163        201        171        141         90        221        205        141 
         4        204         65        203          1         26        211        205        167         93         28        150        116        171        198        155          3        115        188        112        207        189          6         41         64        209        240        241        116        225        172         56 
        97         24         63        106         46        233        185         22        234         14        178        161         40         16        171        128        226        142        160         88         85        212        214        140        160        207        252        118        230        200        145         85 
       202        171         79        217          9        187         11         42         32         40        105        100        253        239         97        149         50         71         98         99        153        113         55        203        128         47         92         45        103        101         15         65 
         2        208        224        207        208        207        188        183        195          1        238         24         39        207        200        250        133         89        152         89        200        163        218        233         94         58        173        134        154        105        217          0 
       135        249          9        231         27        153        103        214        245         26        237        240        121        113        103        234        240         47        175        246         88        195        166        232        166        115        204         15        145        247        192         81 
       159         90        219        230        212         77         67        221        227         38        226        117        204        151         97        105         61        191         18        150         15        240         33        239        137        152        178         40        222         48        114         93 
       154         21        147        187         30         37        101         79         94         17        157        102         23        162        129         53          3         46        189        149        156         65        216        185        122        102         33        104        209        197        155        229 
       121         13         35         18          8         59          7         86         90        227        217        210        247         42         22         32         54         78        220         56         54         46         89        198        156        100        232        187         24         79        246         53 
       181        221         52         90         40         85        229         13        161        237        163         40         20        112        219         26        241         10        198         37         12          3        149        195        170        243        112          1         20        139         68        158 
       129        249        133         93        186        158        239        124        135         52        165        134         53        204        204        107        140        150        123        155        218        209         81         61         56         94        132        154         32          9        195        165 
       100        173        209         73        129        111          6        170        225        192         24        120        137        149        249         12        221          5        131          7         97        208        227        176         45        134        111        251        205        159         54         69 
       224        221         43        195        143         52          3         75         34         23         82        182        165        174         13        107        111        100        254        226        121         91        174          0        200        137        103        178         90         29         88        187 
        43        121        164         47        129        214        136         55        103         10        132        237        140         40        166         16        234        255        222        189         14         79        123         69        175        171         11        165          3          9         30          8 
       244        221        181        200         57         67        148         37         60        186         73        120        120        207        226        255        177        239         64        127         72        213        162        145          0        241        134        107        240        132         55        101 
       155        107        114        206        179        165        172        134        133        151         94         70        224         13          8         78        202        178        175        182        188        163        100        168        119        101        184         35        205        232        168        177 
       237        121         74         74        111        243         73        134        130         95        215        180        171         17        126         43         56        174        248        246        215         34        132        176         16        222        211         19        140        160        245        154 
       115        221          5        163        202         63        105        174        159         95         59         97        182         88        158        143         26        180        128         42        207         44         99        175        114        202        114        146         97        201         61        193 
        96        176        244         62        122         22        132        196         69        116        134         68        185         60        124        189         81        145          5        100        109        198         72         24        164         23        236        201        197        130          7        238 
        99         79        105         56         65        200         79         93         54        153        189        181        172        215        196         49        188        132        145         92        167        221        234         94        147        244         83         76         83          6        253        186 
        95         93          3         64         99        227        220        227        212        131        131        107        158        230        138        252         31         53        245        171         11         12         98         47        158        107         41        229        255        111        100        239 
        68         29         85        115        234        145        249         27        184        253         89         67        239        166        176          8         64        223         16         81         65        189        167        217        236        105          7        232         49        127         42        193 
        33        152         25        250         99         22         89         16         41         76        203         92        213        109        234        213         45        188        138         38         40        134        142        201          8         83        202        227        224        239        252        136 
       211        100         49        176        175        166         37        123         98        151        164        125        240         18        159        242        152        127        108         66        244        176        194         36        111        120        173         91        241        231        241        106 
       231         26        112        152        174        247        128         65         39        180         55        247         43         90        231        139         95          6        160         68         33        162        107          5        175        244        205        238         72         24         24        189 
        27        186        186        120        199        138         58         18          8         86         78         79        175         70        145        116         86        122        196        244        232         73        183         76        153        236         95        255        153        250         47        201 
       213        167        124        242        211        208          7          9         80         33        107        235        195         63        234        240        185         85        238        219         36        191        149         15        145         85        108        177        146        181         72         83 
       199         85         18        144         33        161        172        190        186        197        173         28        115        244         68        132          6        123         31         52        102        126        100        239         30         36        197        243         20         34        175         31 
       147        207         87         90        239        154        143        212        199         54        214        101        164        128        242        240         18        139        225        150        158         47        146        131        105         30        252         49          6        247         46        187 
        68         66        236        221        110        222        181         34         84        173        219        225        243         88        234         61        220        218        207        162        233        128         23         11        162        176         99        251         81        165        188        236 
        61        222        102        124        151        139         91         18        103        118        142        250         27         68        185         53        122         31        107        228          8         54        101        143        245        136         64         46        215        227        101         64 
       255        162        248        129        231          6        114        233        200         30        126        210        193         12         31        235         93        222        201        151        115        139        233        144        205        143         81        157        158        203        156         66 
       168         77        194        115        166         89        217        193         25        195        202         96        121        208        200        108         22        171         25        185        163         36         11        146        229        208         50        225         68        247        147        253 
        45         88         60        250        223        174        173        201        251         37        227        244        212        181         33        183        168        107         27        215        173        103        166        239        253        182        219         78         79        174         85        220 
       125        134        213         32         99        200         31         30        242        136        109        220        126        136         29         22        251         82         37         38        170         98        205        120        179        252        245         19         39        116         29         42 
       128         79        168        241        176         82        112        195        154          7         56        104         13          2         71        151         88         96         29        117         86         23         95         22        149        110         15         92        164        129        199        103 
        71        183        103         33        222         15          6          6          5        140         13        177        236        100         89        217         71         68        124        231         24        226         51        101        100        248        169          9         16        144        134        234 
        90        217         73        174        139        206        103        176        173        223         81        193        159         66        251        176        252        132         59        102        249        250         33         79        169         94         12        159        120        175        145        177 
       127        117         48         89        219         79          4        174        225        219         36         71        179         41        120        174        127         86         12        158        103        150        133         31        211        123        144        161        206        255         13         54 
        79        157        173        174         31        157        116        184         78        175        168          1         51         61         74        245         24        185        184        245        172         34        244        167        112        196        234        113         25        236        235        155 
        57        144        135          6        153        144         11        175        240        154         50        225        105        207        198         80         11        222         14        252         67         13        206        181        175        131        222        160        146         52        141         57 
        45        251        169        200        217        153         10        198        230         93         95        172        219        216        105        194        145         22        121        159        177        138        253        168        242        162        159        103        225        232         94        216 
       119         28         36        185         32        202        246        134        108         24         49         42        210        196        152        229        179         85        119        233        150         33        107         28          7         78        105        191        113        141        248        156 
       241         13        138        162        153         63         14        134         82         23          9         10        101        143        252        150         74          7        178         45        198        197         69        165         70        180         80         60        197        210         26         14 
        51         18        113        180        174        219        176          4        241         24         89        128         91        121        247        179         85        216         81        158         80        108        133        240         16        100        203        206        173        179        245         87 
       255        160        134        177         51          6         49        203        218        182        145        132         48        127         50        121         19        169        156         98        124        208         76        111        140         10        100         58        240        156        121         87 
        30         70         95        212        182        110         27         77        150        174        109         32         89        185         46          1        159        231        154         56        105        205         48        154        225         14         34        158        248        202          0         78 
        19        232         33         79         17        115        116        104         76         75         96         17         61         24        170         82        221        157        161         72          5         59        229         57        138        207         89         39        202        114         76         45 
       231        119         66        247          6        157        207        200        159         87        232          8         19         73        241         24         73        226         67        252        142        239        236        149        248        254         91         90         94         27        195        220 
        10         87        159        193         16          7        203        101        221        184        209         99        194         24        149        223         77        140        103        227        199         56         72        109         42         87          0         78         48        199        162         74 
       240         67        217        213        191        196        171        182         29         99        114        215          6         42        212         56        143         39         77         30        187        254        134         71         38        224         87         89         32        136         40        247 
       167         75         47        228         34        110         87        196        250        142        107        107        133         20        186         91         88        252         60        181        131        146         69         90          2        238        193          8         36         99        201        229 
       104        213        203        161        159         23        114         55        162        193         80        163        172          9        133        223        242         40         64        229         32        110          3        191        100        250        198         41         13        120         10         31 
       212        169        241        127        226        155        145        216         68         14        123         93        146        211         14        182        114         69        238          7        180         16          9         75        169         46        172          1         41        189        205        146 
       200         78         13        145         21        154         19        157        181        224        133        132          0        235        138        138        213         77        133        134         25        145        237         53         28        208        184        232        189         61        138        178 
        64        250        121         37         19        137         77         67        204          0        120        112        193        198         30        129         18        119        155        163         16        188         77         21        211         55         92         79        193         30          7        196 
       128        208        147        182         83         69        142          3         16         61        135        115         61        198         24         65         52        235        188         42        113        205        235         62        233        249         22         33        130        124         90         30 
        57        190          7        166        179        209        246        172         96        103        199         85        182        187        223         90        249        135        132        104        198         62          7        236         12        250         15        150        163         60         32        151 
        64        117         61         82         84        226        199         58         29        146        204        226         94        225        156          5        113        206        100          2         11          2         30        131        105        251        148         21        151         55        198        205 
        75        142        126        137         26         41         15          7        102        125         37        237         89        143        249        201        125        160         30          2         47        201         56         54        120        217        139         43        176        248        230        123 
         3        238         85        220        123        109         81         33        201        137         83         97        173         54        221         55         89        148        201        152        241         51        118        175        152        154         41        217        156        156          3        192 
       106        229         59         48          8         64        206        107         84        120         43        233        192        197         45        129        216        210        165        132         89        187        246        109        175        187        146          5          7        159        241        113 
        46        162         85         51        244         79        150        126        126         63         60        127         33        245         42         27         35        232         79         18         29        160        158          4        181         57         84         47        150        236        108        197 
       210         24        185        233        159        137        127        158        250         44         94         70          0        204          7        175         97        104         32        226        202        176        130         34        204        148         80        136        180        171        215        126 
        66        229        134        187        121         71        186        192        219        191         78         88        124        184        238         93        109        153        252         49         42        176         47        193        206        226         38        120        166         21        220        237 
       165        251        187         95         68        250         84        237        242         11        105         81         27        212         69        248         44        214        152        104         86        161        225        225        240        192        181         99        224        106        242         64 
       203        174        161         14        214         41          2        125        123         38         95         70        175          8        219         31         40         10         57         62        252         19        238        206        137         76        235        104        162        223         44        146 
        47        160        229        219        144        168         81        222        180        139        101         78        206         76         29        239        231        220        125         91         19         29         21        154          0         88        100        199        238         99         49        217 
        31        208        229        142        127         89        205         85        142         41         45        216        212         58        141        209         75        235         34         35        237        174         26        109         46         43        131         91         90         71        201        190 
       252        239         72        152        160        178        208        165         51         73        208        208        188        105        177         69        248         56        143        250        144         35         10        201        128        240        154         79          7         44         95         49 
        86         76         41        209         25        145        166         47        121        157        255        127        175        179        125        241         48         45         34         10        150         42        101         83        112         46        118        140         26        237        240        228 
       117        139        127         85         41         36         70         15        231        160        202          1        174        149        156        169         45         76         47        131         69        240        252         33          1        116         11        231        130        232        150        158 
        22        214         44         61        124        105        150         20         13         27        239        174          5         68        152        243         55        251        116         18        187        172        116        201        229        205        226        132         15         93         54         20 
       152        242        173        219         24        100        163        178        235         26        170        154         20        233        214         26        142        104         62        103        167        131        248         32        158         29         14        130         99         39        148         48 
        11        179        219        178        141          1          7        156        150         71        103        219        166        114        160        211         67        242        195         27         97         78        132        147        218        171         58        158         23        140        134        249 
       154         46        244        241         31        254         71        116         70         99        204         68        184        170        222         74         26         15        181         78        215        193        243         42        150         69        180        202        246        167        163        203 
       253          9        171        179        107        237        123        222        215        219        116         94        156        225         78         88        210         88        154         73        222        201        137         54        176        120        226         97        117        167        250         56 
       106        239         34        183        122        236        180        200        149         53        241         97         63        250        141        238         54         12         30         80        124        120         39        156        163         36         40         14         93        115         55         15 
       215        244        250        217        219         94         42         65        152        228        134        125         26        210         44        129        153        247        171        104        132         16         36        147        117         94         30         15        207        246        184         48 
        85        112         94        123        168        109         24        220         83        168         66        181         35        176         47        164        196        178        100        183        199        128         98        135        161        144          7        136         49         82        206        251 
       248        167         27        199         52        203          0        239          0          0         11         75         11        230        184        192        177        220        193        156         87         75        239          0        232         56         34        196         10         59          5         41 
       252         40        176         29         25        120         70        136        162        221        158         44        125         69         31        240        201        252        198         19        124        134        113         49        186         29        186        177        221        236         31         71 
       105        133         44        183        132         36        192        103          7        216        149         43         14        206        225        235        239        251        115        162        231        227         35         60        218        247         60         70        109        143         97         85 
         9        106        250          4        113         83         27        199        132        251        230         88         36         66        198        240         75         28        130         34        165          1          3        106         10        251         41        239        245         54        120        214 
        92         73         31         32        119         99        216        143         28        159        104         12         78        234        208        138        118          8         85         20        202        173        141        212        242        113         29         82        188        135         73        247 
        40        189        119         90         63        121         72         66        238        131        121        180        142        181        142        222        162        112         23         80        153        195        251         16        210          0        100        138         43        146        185        191 
       182        168        229        173         47        136          1         30        179        132        206         25         73        164        165        117        194         97        239        229        129        144        170        212        202         55         54        214        106        213         74        225 
       136        123        204        177         70        128         22          6         67        129         76        251        186        225        190        255         77        224        110         68        228        132          8        172         94        165         18        153        179         14        237         62 
       127        201        159        142         59        137        250        107         86         40        103         30        131        212         27        107         63        186         97         47        213        112         98         16        166        205        204        177        218         11        215         45 
       196        106        215        122        223        228         69          9         80          6        189        243         63        152        221        195         22         27        163         65        113        155        235        135        115        188         47        170         21        240        230         22 
       201         44        244         84        225          9         76        130        219        192        135        199         32         59        239        148        229        171         32         64        239        160         95         52         40          6         91        122         34         19        237        185 
       223        126         77         27        171        223         58        113        177         47        120        251        250        230        178        176        223         64        247        108         78        241        107        155         53         74         20        106        184        172         71        225 
       135        207        170        194        109         67        124        116        110         64         98        232        162         11        241        181         47         52         37         70         10        113          0        110        191        119        222         92        222         11         30         13 
        76         39         49        155         26        155         24        145        146        199         67         28        244        161        191        125        141        135         55         88        137        237         32         91        230        202        226        130        238        243        222         90 
       172        225         53        225        128        111         60         47        237        141        145        188         25        158        190         26          2         94         78         63        253         73        207        161        106         63        139        201        192         19         33        102 
       150         70        235        203        153        118         88        191         48         11        172        156        237         11        187        107         74        111         11         66        163         91        241         97         38        174        217        250         76        242        108        217 
        66        127         67        158        175        207        124          5         27         34        214        175        143        233        183        226        181         97         30        219        150        154        242        237        137         24         14        148        155         63         22        234 
       203        168         50        124        188         47         58        163         23        162         33        185         48         79         25        239        107        155        233        132        163        222        178        234        104         16        103        217        233        162        242        153 
        75         73         50         87         31        161         56         97         58        215        165        200        114        212        214        159        139        228        133         41         62         45        204        195        137        119        184        251        170         99        134        180 
       176         88         56         23         75        169         47        132         48        231         82        115         96        130         74         55        124        228        159        102         50        120         59        105         98        102         28         99        233         27         88        175 
       103        203        164        137        158         35         31        238        107        156        141        232        210         99         41        214        150        204         73         64        137         88        157        192        103        165        215        223         56         64        162        231 
        76         44         61        205        160        150         14        153         42        187         92        222         93        241        207         84        144        179        212         69        198        184        113        134        142         79         95        232        104        254        208        135 
       239        122        114         67         99         37          5        138        209        166        150        217        144         38          1        136        139         88        180        206         79        253        241         83        162        148        246         35         61        121        235          8 
       227        193        200        100        172        153         91        211        114        185        189         79        227        178        179        186        133        163        199        206        106        119         86         90        207         64        134         46        121         77        221        146 
        34         76         28          1         93        127         69        123        106        159        166        152          1         35        206         76         12        235         26        212        183         85        170         59        200         37          5         39        212         74         53        117 
       157        144        217        201          0          0          9         85         32         39         29         86        165          9        224        122        184         30         98         60        171        109        118         93         88         22        116        141         73        167         25         45 
       106         83        160         36        133        119        178         41        220         34        118        143         25         85         20        186        135        119        124         43        245         89        100        107        102         20         26         47        129        129        106         15 
        30        237        184         34        218        188        185         42         86        121        104         72         56        234        249         48        109        224        142        151        140        162         43        158        239         48        253        220        246         26        238         60 
       100         44        225        251         92         15        212         18        233         24        119         79        214          7         76        133         74        194         14        227         96        255         77         27         64        151        194        224         91        107        230        237 
        25        146        159         54         25        204        252        163        131        103         33        205         15         59         33         68        166         91         37        192          4         80        199         95         60        125         46         81        132         91        249        130 
       179         44        114         73        190        247         42        129        139         59        154        162         29        107         45        163        182         31        111         43        109        140        100         76        218         31        135        191        247        221        145         77 
       129        151         38        109        216        123        216        171        217        218         60        118        166        254         52         11          9         81        248         87        136        122        199        112        188         32        129        189         90         13        184        186 
       251        132        250        151        103         98        156        131         69        171         17        252        108        101        200         16        160         95          9          6         24         24         79         20         65         73         65        248         44         39        140        193 
        41        221        165        173         31        134         27        253        249        193        163         31        122         35        198        178        155         80         78        186         32         68        250          4        187          4         85        242         45         23         22        232 
       215         96        173          5        129         34         25         92         97        170         22        253        151         92        104        136         96         42        190        142        101         36        143         35        124         27        157        235        108        169          7         64 
        78        130        186        195         37         32        194         92        139         51        188          7        202        166        192        215         81        209        156        199        166        164        143         21        154         55        248         57         89         80        115        246 
       249         57        129        224         45         40        230          1         93         95         46        241        107         84         16         37         10         55        105         62        177          3        134        157        106        123         83        196         29         67        235        215 
       236        119        204         95         36         67         68          8        227         55        130        227        114        241          0          7         25        234        180        145         45        234        253        221        157        198        195        101        208        162        254        176 
       245        123         91        164        241        242        115        137         54         41        242         57        128        102         59         19         47        138        145         99        211        153        131         92        196        225        179        218        181        119        206        226 
         8         64         45         45         39        186        205        249        208        241         84         98        166        196         56         52        118        240         20         16         40        224         11        229          6        123         55        116         44        219        174        106 
       164         79         97         29        164         40         17        119         52         91        216        167         60         65        161         68        118        141         81        159          9         50        204         70        151        184         33        100        144        211         52          4 
       187        112        166        225        196        163        171        216        253        179        145        148        160         49        119         32        191         42        140         20        172        141         36        166        227         71        203        158        195        225        202         16 
        15        132         80        136        142         49        200        105         91        159        128        213        208         85        233        179        135         23        104        112        214          9        117         47         22        171         90         69        170          0        231         97 
       156         93        231         23        206        166         55        195         21        175          9         14        103        110        237        118        216        172        203        103        212        131        254        194        238        243         76         26        246        181         82         92 
       102        205         84         40         80        248        135        148          6        194         34         66        159          5         21         90         16        154        128         17         98         99         48        230         44          4        165        203         81         56        101        105 
       186        155         30        108        234        222        113        170         49        153        213        170         31        161        186        216         38        216        166        173         55        118         68        230         54         95         60        113        168        103         83        103 
        43        116         16        207        139         42          3        202        231        141        158        108         61        246        167        166        176        218        153        130         12        167         82        107         41        157        101        131         73        134         63         76 
       132        144          8         12        194         21        105        100         72         26         51         42         36         32         33        186         25         35        174        206        237         78        149         98        251        106        108        168        235        182         51        127 
        86        244         12         67         16        122        234        231        231         36         54        161        166        207        132        196        211        178        213        215        112        198        141        231        171        174        234        227        181        146         38        197 
       196         73         56        236         89        131         90        235         15         73        196        110        252          2        245         41        253         12        179        246        121         76         92        101        213        176        196         46         35        222        103        211 
        67        118        117         98        221        129         53         59         21         63         41         26        224         87        175         88        142        249        196        124        202        211        124         98         60        208        240         86        129        175        208        224 
       249        255        159        255         45        163        245        178         62        223        244         64        185        103         43        217          9         85         33         82         85        110         24        217         30          1        101        220         67         90        248        192 
        88        118        188          4        168        235         98         29        178        253        150        165        247        156         95        111        106         28         58         98        161         33         72         16         50        160         47         78         47        201        127         70 
        57        229        241        203        207         15        191         88        102         40        114         22         62        181        203        227         62          9        152        255         34        206        153         54         51        224         67          8         66        250         42        187 
       213        133        212        115          7         24        245         88         81        188         35          8        254         50        215        172        151        105         61         30        249        212        210         74         25         33         79         67        243         10        155        252 
        80         67        165        130         62        254        245        251         23         68         52         57        240        235        128        140         80        137        162        197        106        224         91         21         13        250        236        196         21         23         65          9 
        49        169        146        132        160         62        110         35        247         87        245          3        167        243        152         41        171        101          1        203         88        101         53         81         24         63         84        152        152         54        125         29 
       119        251        133          0        254         56        216        185          1         54        241        227        109         67         90        210         32        207        191        196         88        172        117        112        176         63        235        190          7         94        174         33 
       248         34         57        249        110        148        102        141        126          1         40        112        127        252         62         80        219        153         60        172        236        124         83         87        113        184         91        210         26        232        127        242 
        13        232        216         17          2         89        225        238        176         29        189        144         89        247         15        130         19         77         74        100         79         40        249         79        111        150         10         72        200         77        155        231 
       156        100         33          9         77        225        114        220         99         64        100        226        210        233        217        137         94          1        179         67        159        190        217          3          8        209        149         51          3         42        131         69 
       243         32         18        141        141        246        161         80        150        145        160        234        156        122        188          8        129         63        251         30        209        102        108         99        151        230        190         15        135        107        115         50 
       105        197         23        131        242         22         59        116        135          7        231        156         43        219        166         11         69        180        163        191         35         22        193        129        254        128        245         78        192          1        206        118 
         8         14        215        213         87         41        204        172        143         45        121        101        250        239        181        148        243         24         74         96        182         94        138        155         76        215        181        190         83         36         58         45 
         7        179        190        198        160        116         18        231        236        211         11         89        207        151        162        124         29         93         68        211        131        189        159        220        110         23         44        183         68        117        181        170 
        91         79        149         19        249        194        103        114        189        141        181        183         18          4         42        240        216        107        144         88        217        150         68        172         63        232        189        224        125        198        236        222 
        43        143        213        221        108          9         82         14        120        229        170        200         29        102        225        235         58        253        233          7        204        147         59        228         40         46         15        129        171         12        163        118 
       157        125        166         80        219         24         19         56        162         23        149         49        137        215        113        118        223        101        126        181         91         95          4        186        229        213        103        105         76        158        195         94 
       205         78        170         61        103        149        170         88        112        172        243         60         91        181        114        108         23        156        148        196         41        224         65         11         51        167        187        182         63        176        171        123 
        17         47         45         67         76        205          6        241         84         83          3        234        130         48        151         18        152        180         25         55        202        153        140        197        136        125        102         99        100         23        124         68 
        91         80         17         71         89        148        195         21        241         88          0         37        169        139        224        184        197          5         15        245        230          3        133         50        205        171        139        160        185         41         97        169 
       128         94         59         33        243         64        105        106        237         82        141         65        174         97        112        168         88         79        205        226        194         61        188        165        219          7        140        186         84        148        222         24 
        61        203         85         84        148        158        105        138         11        112        196         82        179        190        230        133        117         58        189        229        125        161        232         74         63        250         35         57        234        118        246        119 
       117         77         99         90        201        101        181          4         44        121         44          2         58        236        170        104        176        238         49        130        109        206        255        111        125        121         54        115        193         33        187        152 
       139        123        241         27        112        123         89        241         69        134        128        220        164        160         81        121        215        222        177        115         79        106        204        130        239         10        165        156        118         11        149         15 
       186        133        220         37         33        243         65        103         22         28        251        166        202        245        229        204        108         94        138        208        240        158         36         29        217         76        225         11        177          9        211         95 
       109          1        191         17        150        184        128         45         19        222        213        148         65        119        175         60        217        222        112        226        107        214         33        187        186         83         62        201        105         84         85        218 
        80         43         45        100        233         46        216        252        160         83        179        205        251        141          3        119        201         48         52         64         20        255        165        172        231         33         37         32         80        105        178        128 
        32        157        150        165        223        172         30        228        168        215        109          9        118        163         18        217         28        210         95        188         32         31        157         48        232        235        143        140         11        122        198        251 
        47        237        238         76         83        186        163         69         86         55         47        207        168         61        222         16         34        193         37        215        101         85        123        151        102        231        179         34         25         19         49        148 
       243         49        146         73        223        146        215        255         71        160        106        241        142        141        149        209         42         56        189         85        181         58        161        240        210        238         88         62         76        230        243        170 
       183        245         61        103         23        196        246        250        103        129         88        129         32        182        151        115        107         47          4        249         59         27        139         99        175        114         12         91        114        171        178        192 
        95        252        231        226         98         30        231        138         43        251        119        173        130        219        129        119        170         53         89        109        114        163         80         60        227         31        206         13         49        159        125         98 
         5        165        142        238        187        152        159        198         87        187        212         99         72         12         78        132         65        111        227          7        203        230        184         59         39        206         69        240         98         70        244        162 
       186          8        230         75        110         73        187        234        218        156         80         56        212        189         59          5         77        158        204         72        120         48         41          2         49         39        205        183        209        157        131         98 
        29         72        128        163        203        101        219        232         81         96        153        242        217        154         73         52         22         24        209        114          9        207         77        115         67         58         65        181        211         58        253        195 
         7        197        184        114        246        227         85        141        245        202        209         66         81        188        115        168        179         89         30        167        237        169        208        102         64        229        127        240        154         15        154        232 
       232         51        121         34        201         19        223         47        150        115         18        196         35          8         72          1         51         20        154        254        173        207         43        162        224        209         28        243         93        192         91        117 
        19        192        200         52        249        173        212        215        215        250         44        128        113         31        215        108         64         39         55        205         63        180        104         86        168        122         15        177        164        181        232        228 
        18        232        243         24         10         32        236        149        120        209        196        116        205        188        100        157         84         28        154         59        211         89        246        194         58        171        234         41        244        112        250         99 
       236        209        250          6        135         30        210        142        204         81        218          5          4         31        152        168        217         23         96         71        104        187        170         35          6         51        123        235        150        253         55         35 
       142        215         50        107        108        214        187        231        115         24         70         98        129         58         93         88         89        243         54         38        208         93         77        105        136        228         53        165        217          3         50         36 
       170        174        223         28          4          6        144         80          8        197         91         12        228        236         86        104         67         57        194        144        246         49         76         35         11        198        220        210        232        167        233        240 
        98         60        136        153        155         66        230         14         11          7        250        230        150        229        153        163        213        174        248         29        122        227        131        104         92        138         19        113         89        191        135         62 
       108         23        117        243        160          1         45        170         81         59         49        197         33        192        160        109        160        146        173        195        137         61         89        188        174        133         35         21        164         51        167        129 
       103         93        181        136        217        173         25        218        189         65        173        167        160         87        245         79         47         56        241        107        158        121         99        181        125        195        104        176         33         68        201        197 
        43        151        185        197         59        175         95        115        124        106        101         86        116        255        213         97         82        141          4         46         44         85        237         19        114         59        196        183        142        117        183         63 
       102        208         94        183         54         43        156        146        131         71        114         98        146        151        212         92        118        254        144        163         52         56        215        130        192        189         30        175        117        119        213         74 
       214        122        233         13        176         66        120         18        247        184        150         51        206         87        128        124         96        112        200        172         69         75         19         16        255        153        241        188        118        137        243         38 
       235         18        213        103         16         85         24        155        207        177         69        113         95         97        105          6          4        161          4        176        205        122         57        113         18        111         38        173         14         50          3        121 
        13        212         26        223          0        180         89         48        182        138          8          5        208        226         42        113         52         88        186        255        145         91        118        170        114        114        166         81         45         16        172         39 
       184        190        251        148        149          7         51        137        217        199        124        199          2        115        114         69        125        151         15         40        122        120        223        167        124         68        194        247        223        135         40        236 
        18         28        105        133        205         84        153        201        100        164        219        146        192        112        178        210         23        110        137        188        172        223         69         57        127         66        148         49        114        215        131        254 
       172        142        180        210         88        161        219        189        228        200        122        157        203        220        164        219        104         91        211        186         40        215         85         13         30        213        228        132         84         25         79        121 
        55        206        198        225        110         45        142        175         55         32         35        115        173        105         83        213          1         54        169        189        156        132         64        178         55         69        205         53         59         11         33        138 
        31         26          0         83        242        224         48        230        162         26        228        140        161         24        173         58         51         69         22         67        151        238        202        120         65        197        223         54        180        108         42        239 
       133         59         43        134        112        108         88        163        147        149        230        213         53         77         21        132         97        114        131         12         64        115        211        151         17        229        244        143         91         98        234        192 
        43        140        140        207         28         99         85         54        200         68         61        219         33        186        115         38        125        167          6         15        247         43        148        195         68         47        203        249        183        124         46        230 
        41        118         89        206         72         24         41         89        255         29         49        131        214         21         69        224        253        104        114        156         86        144         58        234         61         11         63         92        224        190        108         88 
        88        115        162        153         82          8        137        141        242        133        234        183        253         37        218        105         20        118        135          4         99         42         38        126         88        211        112         65        132        233        146        156 
       234        175        196        244          7        148         16        249        142        136        121         46        166        252        109        252        162        236        181        219         27         19        134        185         12         75         84         23        195         38        248        110 
       197        213         11        176         30          9         32        116        235         33         29        138        173         99         42        166        233        203        242         75         61         52        212        225         54        142         10        125        176        247        110        100 
        31        141        199        247         62         23        172        155        190        216        221        221        172        103        170        102        247         20        226         12        239         51         70         17        108         28          5        194         68         44        243        185 
       139        171        152         56        150        134        153        227        104        219         51        161        204         42        102         57        104        101        176        234        203         80         57         29        233        252         46        172         10         73        254        165 
       215        237         23         62          9        170        187         12        187        182        144        115        239        193        117        224        107         95        247        117         94        155        102        212        129        131        225         21        105        123         63        137 
        30        200         47         60        235         71        113        101        133        153        165          3         32        201        246          7        206         69         39         83         12          6        190         28        233         71         57        166         99        172        214         15 
         1        164         12         56        223        127        161         85         94        195         21         11          9          4         75         21         84        241         54        155         63        189        244         30        152        194          9        246         96         28        125        130 
        28         35        206        216        227        188        197         83         60        137        175        185        132         59        105        209         85         93        110        109        167         47        149        239        173        233        165        102         42        190        170        109 
        69        221          3        169        122        184        209         54         23         55        220         53        196         99         45        105         91         12         57         67        166        230        105        218        178        242        244        144        135        231        106        221 
       184        248        194          0         73        183         36        141        114         82        179         58         80        113         14        145         25        168        179        139        186          7        169        169        115        226        108        108        203        200         49        211 
        87          4        171        173         33        208        188         94        144         55        156        161        202        249        149        197        231        151         30        115         33        255        250         46         22         17        198        221        198         97        240        151 
       116        197        120        160         47         90        109         15         94        202        114        156        158        141        203        143        127          2        233        174        229         69        236         37        226         97         11         86        228         50         23        149 
       189         54        170         89        130         95         24         98          5        130        207        249        223        124         15        202         54        120         47        175        241        208        145         86         18         32         81         98         33         20        193         64 
        96        234         95        145        199        104        127        153        223        186        127        168         13         43        244        135        104        151        230        253         33        225         73        103        117        254        254         33          0        137         43        253 
       123        145        204         24        167         99        157         42        149        204          2        146        150        104        250        191         94        218        191        119          5        116        151        121        101        211        233         85         73         15        226         12 
       182        197        171        120         15        126        179         40        145         24         18        213        147         54        110        240        178        212         93         28        125        116        243         26         41        188        163        240        244        248         39        133 
        89        157         42        150         57        156        200        159          7        207         52         69        157        239         59         57         12         72        174         14         75        117         63         91        234        161         30         84        222        154         65        136 
        81         40        193        248        241        181        148        235        170        106          4        163         36        156         54        154        118          5        177        147        204        238        229         43        163        105        119        116        226        193        214         15 
       202          5         48        126         72        151        128         10         33        193         16         75         14        154        203        209        244        142        129         31        153        113        230        170        141         43         48         43         35        121        189         37 
       100          0         30         70         13          4        102         86         38         60         47        103        216        155         16         71         62        225        213        246          7         42         52        198          7        235         30        235          0         40        223         78 
       156          6         94          5        240         76        225        225        144         62         20        190        212        169        255        177        129         92        150        172        137        112         22        114        217         52        255          7        156         76        170        159 
        66        132        137        209        128         18         88         93        228         79        130         43        192         27        137         44        181        227        148        108        105        170         51        131         62        214        123         68         95          8        140         90 
        50        230         11        226         21        104        228        158         87         71         14         79         96        243         34         22        252         20        142        224         68        236        111         75         92        138         31         92        231        233        166         68 
       194        170        177        120         34         54        144         79        185        150         40        148         49        204        238        155        153         27        185        199        179        181        134        115        196        176        219         73        146        149        227        122 
         8         84         98         52          6        116         80        115         78        252         40          1        253        130         91        102         45        202        104        137         32         82         20         14        154        114         92        127         75        198        148         39 
       252         73         52        234        159         66        100         34         46        128         99         14        142         27        211         83        163         27          2         39          0          3        254         82        153        206          0        230        159        212        208         25 
       109        228         10         23         34         85         50         42        192         78         76        119        129         62        173        136         15         66         33          2        166          7         14         54        147        133         42        160         82         24        170        179 
       221        120         86        111        147        255        104        252         99        224        121        231        208        200        203         70        145         29         68         38        202        123        254        145         46        168        163         73         54          0        211         14 
       213        101        155        131        147        117         41        234        162          8        138         70         95         34         60        176         83         66         20         53         90        198        200        114        114        108        237        227         60        208         54        102 
       231        121         43         92        196         27         94         36         30        114        139         51        133        171        200         20         70        224        212        221        191         35        119        121         96         53        192         96        225        163        241        107 
       226        194        114         41         71         71         55        103        224        196         93        218         87        126         71        218        106        118        150        162        186        176         60         23        107         32        105        203         48        178        230        190 
        32        103          5         26        161         36        113        157        246        118         98        158         19        112        250         46        175        179         95        197         51        198         83        138         58         22         77         37         69        152        212        102 
       232         35         12        132        233         35        152        118        147        237         11        232        106         67         93         45        217        199         67        206        169         69        164         65        151        254        204         58        211        217        185         14 
       249        230         15         26         97         47        160        219        252        188          0         49        122        151        230        215          4         45         94        121         22        190        223        140        215          4         74        193        244         57        220        184 
       144         37        224        152        162         12         79         64        108          0          4         30        220         65         13        240         15        137        174         56          1        110        150         73        231        235        235        241        209        254        133        176 
       242        100         23        149        225         20        225        245         56         21        101         38         78        155        219          0        238        228        207        201        226         74        184        103        163        204         18        204         64        127        162        120 
       116        137         63        189        137        135         82        117        111        189        134         40         27        125        167        222         91         67        195         72        188        207        127        119         94         79         48        234        154        182        126        232 
       127         98        250         72          1         57        147         40        183        224        118         98        228         50        152        218         17         73        147         17        106         22        245         88         93        221        110         30        119        250        186         61 
       180         92        166        195         38        114        237        110         60         36         75        178         53        142        242         27        132         36        233        163        159        211         88         67        130        182        253        206         32        203         28        163 
       242         33        152         93         23        101        146        226        125        204         12         65         43        219        214         26          4        218        130        100        216         41        103         41        113        196         83        147        121        203        194          6 
         9        203         86        194         66        222        177        215         16        137          8         71        141        125         14          7         94        238        183        127        119         96        208         35        172        150         48        157         36         25        151        214 
       120          8         51         42        228         89        243        216        158         15        250         97         67          4         58         74        232        237        208        130         95        169        133        213        230        150         40         12        223        225         66        249 
       212        130          2         93        164        163         45         18         96         14         90        231         15        163        166        125        133        153          0         41        238        130          8         89        213        124        246        234        164        179        123         73 
       252        246        241        185         52         86        111         25        130         45         38          3        159         71        231        162        106        186        111        158        180         51        208        222         42        122        200         65         45        163        179        153 
       173          7        175        170        206        154        105        203         16         79        151        164         66        210        162        217        189        167        233        123         83        173        157        243        176         27        233         51         96         14        150        231 
       154         97        169        252        182        215         10         81        123         84        122        185        118         58        116        187        179         75        254         46        152        201          5        146         26         26        187         98        177        166        238        189 
       240         83          0        232         22        231        234        141         50        247        219         53        113        179        133         84        243          5        211         50        129        246        121         31         67         99        199          6        108         42        228        116 
        62        189        185        124        242        131        107        208         47         17        189        113        237        107         33        119         58        101         72        177         69         61        116        166        142        208         11        177        126        184        129        201 
       164         19        222          9        107         55         41          7        166         99        208        208        223        176         33         61         22        242        206        181        140        181        161        202        199         66        198         26         10        109        253        188 
        86        203        119        200         20          8         88        188         56         76        243         30         65        141         27         49          5        215        178        139         94        187        239        140        111        150        118        231        219        165        117         22 
         9         28        127         82        170        122        227         21        171        208        147         26        225        151        232        115        150         71        174         95         75         23        136        213        141        200         29        240        231        252         50         96 
       235        196        218         93        217         90         91        141        115        168        167         83        106        192         33        155        243        249        145        170        200        126        129        253        226        173         28        243        134        238        243         59 
       236        109        159         59        122        139         24        177         96        160        221        241        255        209          4        235        157        127        245        226          0        123         67        105        209         62          0        222          0        182         76        158 
       115        120        125        110        161        226        255        144         19        185        207         97        233         20        124         33         30        157         54          8        122        231         34         51          1        236        201        241         15        117        124        241 
       213         15         89         72        178         35         91        153         98        244        148        207        204        183         11        242        211         37         36         23         24        214        221         20         50         13        154         54        197        244          4        150 
       114         40         80        181         88         62         70         17        103         75         26        190         13         86        221         47        118        174        171         14         89        170        234         28         28         16        194        146        147        203        175        140 
       183        137        155        129        242        224         91         39        235        110         94        245        243        100         17         90        198         92         78         60        115         66          4        160        254        224        170        225        107         24         75         59 
