       238        142        180         78        193         65         73        255        120        182        183         37        124         17         67        170 
         6        231        139         81         56        113         82        165         30         15        211        196        114        241         62        226 
       212        239        153         90        133         88        221        215        189        211         97         68         71         61         36        144 
        35        249          4        129        117        115        255        108        141        159         32        143          9         36        212         70 
        52         55        192         28        186        197        151        145        199        251        198         11        230        112         80        166 
       155        237        158        114        167        228         35         31        190        167        133          7        170         11        227        177 
       254        195        140        155         83        227        141         56        191         72        164        191        155        220        133         28 
       114         48        169        125         65          1        133        102        131        254         25        206         69        195        143         75 
       211         82        135        170          7        189          1          1        139         14        243         63         39         23        251        130 
       213         93         99        200        154        253        148         90         28         39        109        141         56         70        252         37 
        14        235         93        246        251        145        167        117        243         60          9        203        156         15        202         35 
       175        118         87        211        147        186         77        166        182        216         71         77        137        121        255        159 
       100         82        138         17         30        138        207         26        160        113        250         16        105         68        117        157 
        85         42        204         97         11        205         25         29        196        243         13          8        129         54         65        160 
        88         51        226         41         23        189        144         49        245        159        194        244        206         57        147        155 
        33        217         26        101        232        173        249        104         80        253        139        157        254        166        106         35 
