        67        114        116         32        104        112         32         97        116        110        121        115        118        110        101        117 
       114        101         97        105         97        114         99        110        121        121        112         32        105        116        103        114 
       121        115        110        110        110        111        111        100         46         32        116        116        100        105        114        105 
       112        101        116        102        103        118        109         32         32        101        105        104        101         97        105        110 
       116        110         32        111        101        105        109        100         84        120        111         97         32        108        116        103 
       111        116        112        114         32        100        117         97        104        105        110        116        116        105        121         32 
       103        115         97        109        110        105        110        116        101        115         32         32        104        116         32        116 
       114         32        114         97        111        110        105         97        114        116         97         99        101        121        111        114 
        97         97        116        116        119        103         99         32        101        105        108        111         32         32        102         97 
       112        110         32        105         97         32         97        105         32        110        103        117         99         97         32        110 
       104         32        111        111        100        115        116        110         97        103        111        108        111        110        100        115 
       121        105        102        110         97        101        105        116        114         32        114        100        110        100         97        109 
        32        109         32         32        121         99        111        101        101        101        105         32        102         32        116        105 
       114        112        116        101        115        117        110        103         32        110        116        112        105        105         97        115 
       101        111        104        120         44        114        115        114        109         99        104        114        100        110         32        115 
       112        114        101         99         32        101         32        105         97        114        109        111        101        116        100        105 
