        21        165         90         84         48         53         23        190        119        118        199        178         93        165         99        139        182         58        181        238        133        146        150         42        195        197         23        240         60        137        245         77 
       175        170        224        134        253        101         95         93        181         33        136        202        125         81        175        116        201        224        188        251        232        228         70        216         16         54        189         35        209        102        139        132 
       199         84         54        217        201        129        149         40         23        232        143         81        161        186        217        135         70        233        120         73         37        248         16        157        191        180        248        223        212         75        252        225 
       217        147         31         87        174        200         60        243        102         55         41        169        243         28        179        241        161        122        198        252          0         21         98        184         31         57        206         52        233         94         37         71 
        24        236        126        136        114        229        106          1         18        180        207         76        252        148        178        174        178        120         39        188         71        163        136        201        219         23        187         18         19         12        184        215 
         9        118        237         22        209        147         22        239        214         34         63        134         71        150         64          7        246        235         50        147        159        194        190         59        147        153        227        191         44          2         78         59 
       149        109        214        118        198        147         57        109        253        187        223         57        125         51        189         69         28        221        128        144        250        152        158         23        130        179        206        185         46        192        144         10 
       229        102        208        189        241         81         12         88        179        181        172         95        212        150         48         34        169        136        213         49        234         56        124         92        185         98        129        214         93        252        157        182 
        24         15        232        111        194         42        218        123        215        104        208         96          5         33        192         41          4         47         63        209         14        188        118         20          5         27        234         26        112        195        149        119 
       106        143        103        184        173         59        135         28        138         26         29         51         44         81          9        149         44        105         51         91        255        115        223        226         41        206        137        175        239         45        181        172 
       239         10        159        190         61        152        227        222         92         61         88        202        146        233          0        142        234        243        180        200         69        152        155        248         20         74        223        152         50        228        187          3 
       152         68        115        193         32        152        109         63        179         38        216        187         85        139        123         61         66         75        190         62        202         59         95         89        218        198        117        215          6        240        255         62 
         7        163        192        210         62         17        146         50        180        130        123         70        121        246        106        208        254         83        158         74        164         92         21         22        225         41        217        230        212        143        116         61 
       105        188         17        179        123        246        198        199         36         49        190        249        144        194         74          8        189         78         56         43        167         37         52         16        128        141        236        196         85         64         36        245 
       114        237         96        102        130         60        111         88        109        219         64         33         51        181         60         22        172        149        193        161        215         60         62         16         21        211        183          5        173        173        229         13 
        62        142         77        152         79        189        161         19        212        113        175         53         23        192        168         19         12         95        231         36        156        252         85         93        244        200        184         47        154        230        243        224 
