        41        116        123         27        174        105        238        111         50         92        197         86         69         27        164         24 
        37         59        118        132         74        216        161        186         27        132         20        188        100        124         68        175 
       253         52         18        177         72        240        180         62        231        237        193        137         36        164         53         92 
       244         60         55        139          9        122        129        247        228         38        150        155        148         90        252        182 
        16        231        211         78        193        186         96        126        198        113         80        255        213         41        148        203 
        94         96         69        182        250        110        189        177        132        234        219         51        149        132         70         53 
        93        207         64         30        200        172         79         21        135         69         88         25         36         60         12         14 
        93         23        204        145         17        242        175        227        242        205        245        137          1        248         11        180 
        12        113        205        188         61        151         44        252         14         34         43        206        154         18         76         92 
       116        193         34        104        109         73         83        221         54         42        125          8        107        239         20        224 
         4        204         65        203          1         26        211        205        167         93         28        150        116        171        198        155 
        97         24         63        106         46        233        185         22        234         14        178        161         40         16        171        128 
       202        171         79        217          9        187         11         42         32         40        105        100        253        239         97        149 
         2        208        224        207        208        207        188        183        195          1        238         24         39        207        200        250 
       135        249          9        231         27        153        103        214        245         26        237        240        121        113        103        234 
       159         90        219        230        212         77         67        221        227         38        226        117        204        151         97        105 
        44         10        153        128        117        208        248        218        187        159         32        158        212        102        133        156 
        32          5        234         13        119         72        185         80        157        129         24        228        235         68         33        164 
       174          9        182          8        220         18        162        115        166        242        189        192         63        108        172         84 
        60        144         89         83         62         15        143        190         13        108        111         39         36        174        124        197 
       199        217         63        115        208        182        136         32        190        233         85         68        118        105         57         98 
        38        214        121        193        105        176        209         48        152         64        234        212        108        207        164        123 
         4        158        159         65         36        143        138         86         27        169         92         25        138         51         15        244 
        69         35        192        253         14          9         21        120        161         65        155        156         78        223        211        241 
       193         71         49        171        141        229        113        130         31        217        136         67         51         65         81        243 
        30        215        238         88         45        207        209        164        163        201        171        141         90        221        205        141 
         3        115        188        112        207        189          6         41         64        209        240        241        116        225        172         56 
       226        142        160         88         85        212        214        140        160        207        252        118        230        200        145         85 
        50         71         98         99        153        113         55        203        128         47         92         45        103        101         15         65 
       133         89        152         89        200        163        218        233         94         58        173        134        154        105        217          0 
       240         47        175        246         88        195        166        232        166        115        204         15        145        247        192         81 
        61        191         18        150         15        240         33        239        137        152        178         40        222         48        114         93 
       154         21        147        187         30         37        101         79         94         17        157        102         23        162        129         53 
       121         13         35         18          8         59          7         86         90        227        217        210        247         42         22         32 
       181        221         52         90         40         85        229         13        161        237        163         40         20        112        219         26 
       129        249        133         93        186        158        239        124        135         52        165        134         53        204        204        107 
       100        173        209         73        129        111          6        170        225        192         24        120        137        149        249         12 
       224        221         43        195        143         52          3         75         34         23         82        182        165        174         13        107 
        43        121        164         47        129        214        136         55        103         10        132        237        140         40        166         16 
       244        221        181        200         57         67        148         37         60        186         73        120        120        207        226        255 
       155        107        114        206        179        165        172        134        133        151         94         70        224         13          8         78 
       237        121         74         74        111        243         73        134        130         95        215        180        171         17        126         43 
       115        221          5        163        202         63        105        174        159         95         59         97        182         88        158        143 
        96        176        244         62        122         22        132        196         69        116        134         68        185         60        124        189 
        99         79        105         56         65        200         79         93         54        153        189        181        172        215        196         49 
        95         93          3         64         99        227        220        227        212        131        131        107        158        230        138        252 
        68         29         85        115        234        145        249         27        184        253         89         67        239        166        176          8 
        33        152         25        250         99         22         89         16         41         76        203         92        213        109        234        213 
         3         46        189        149        156         65        216        185        122        102         33        104        209        197        155        229 
        54         78        220         56         54         46         89        198        156        100        232        187         24         79        246         53 
       241         10        198         37         12          3        149        195        170        243        112          1         20        139         68        158 
       140        150        123        155        218        209         81         61         56         94        132        154         32          9        195        165 
       221          5        131          7         97        208        227        176         45        134        111        251        205        159         54         69 
       111        100        254        226        121         91        174          0        200        137        103        178         90         29         88        187 
       234        255        222        189         14         79        123         69        175        171         11        165          3          9         30          8 
       177        239         64        127         72        213        162        145          0        241        134        107        240        132         55        101 
       202        178        175        182        188        163        100        168        119        101        184         35        205        232        168        177 
        56        174        248        246        215         34        132        176         16        222        211         19        140        160        245        154 
        26        180        128         42        207         44         99        175        114        202        114        146         97        201         61        193 
        81        145          5        100        109        198         72         24        164         23        236        201        197        130          7        238 
       188        132        145         92        167        221        234         94        147        244         83         76         83          6        253        186 
        31         53        245        171         11         12         98         47        158        107         41        229        255        111        100        239 
        64        223         16         81         65        189        167        217        236        105          7        232         49        127         42        193 
        45        188        138         38         40        134        142        201          8         83        202        227        224        239        252        136 
