       238        142        180         78        193         65         73        255        120        182        183         37        124         17         67        170 
         6        231        139         81         56        113         82        165         30         15        211        196        114        241         62        226 
       212        239        153         90        133         88        221        215        189        211         97         68         71         61         36        144 
        35        249          4        129        117        115        255        108        141        159         32        143          9         36        212         70 
        52         55        192         28        186        197        151        145        199        251        198         11        230        112         80        166 
       155        237        158        114        167        228         35         31        190        167        133          7        170         11        227        177 
       254        195        140        155         83        227        141         56        191         72        164        191        155        220        133         28 
       114         48        169        125         65          1        133        102        131        254         25        206         69        195        143         75 
       211         82        135        170          7        189          1          1        139         14        243         63         39         23        251        130 
       213         93         99        200        154        253        148         90         28         39        109        141         56         70        252         37 
        14        235         93        246        251        145        167        117        243         60          9        203        156         15        202         35 
       175        118         87        211        147        186         77        166        182        216         71         77        137        121        255        159 
       100         82        138         17         30        138        207         26        160        113        250         16        105         68        117        157 
        85         42        204         97         11        205         25         29        196        243         13          8        129         54         65        160 
        88         51        226         41         23        189        144         49        245        159        194        244        206         57        147        155 
        33        217         26        101        232        173        249        104         80        253        139        157        254        166        106         35 
       157        194        172        128         61        187         91        218         19        201        113         69        230        143         23        184 
       146         70         37         29         83        154        182         33        128         32        202         57         67        128        200         22 
        49         24        127        164          9        142        216        143         96        181        118          5        226         24        201         76 
       124         91         43        185         67        179        102         80        198        137          1        131        233         59         12         48 
        41        253        242         49        249          1        217        237        159         59        229         62        175         18        107        176 
        13        143        207        137         21         58        159        114        216        150         28         37        114         69         49        178 
        13        101         71        128         92        163         24        114        140        237         41        101         30         43        166         12 
        77        162         78        189        115         54         65         17         14         87        181        148        176        117         13        216 
        69        182        247        160        181        181        234        229        209        209        204        194        146         94        248         29 
       141        227        244         10         66        245        133        121         65          4         83        204        252        165        115        140 
        92         87        237        135        224         53        250         53        211        208          9         64        234        167        168        158 
       225        217         33        221        146        253        203         80        139        248        154         99         22        136        168        173 
        35        241        154        132        188        125         59        135         51         96        228         40        172        190        230        145 
        99         63        228         33         58         81        194         64        216        186         49        209        153        174        165        159 
       186        209         30        242         39        160        121         48        116         93         14        129        241         30        225         90 
       226        216         31        129        120        128         10         93        126        102        191        201        217        218        111         91 
