       238        142        180         78        193         65         73        255        120        182        183         37        124         17         67        170 
         6        231        139         81         56        113         82        165         30         15        211        196        114        241         62        226 
       212        239        153         90        133         88        221        215        189        211         97         68         71         61         36        144 
        35        249          4        129        117        115        255        108        141        159         32        143          9         36        212         70 
        52         55        192         28        186        197        151        145        199        251        198         11        230        112         80        166 
       155        237        158        114        167        228         35         31        190        167        133          7        170         11        227        177 
       254        195        140        155         83        227        141         56        191         72        164        191        155        220        133         28 
       114         48        169        125         65          1        133        102        131        254         25        206         69        195        143         75 
       211         82        135        170          7        189          1          1        139         14        243         63         39         23        251        130 
       213         93         99        200        154        253        148         90         28         39        109        141         56         70        252         37 
        14        235         93        246        251        145        167        117        243         60          9        203        156         15        202         35 
       175        118         87        211        147        186         77        166        182        216         71         77        137        121        255        159 
       100         82        138         17         30        138        207         26        160        113        250         16        105         68        117        157 
        85         42        204         97         11        205         25         29        196        243         13          8        129         54         65        160 
        88         51        226         41         23        189        144         49        245        159        194        244        206         57        147        155 
        33        217         26        101        232        173        249        104         80        253        139        157        254        166        106         35 
       157        194        172        128         61        187         91        218         19        201        113         69        230        143         23        184 
       146         70         37         29         83        154        182         33        128         32        202         57         67        128        200         22 
        49         24        127        164          9        142        216        143         96        181        118          5        226         24        201         76 
       124         91         43        185         67        179        102         80        198        137          1        131        233         59         12         48 
        41        253        242         49        249          1        217        237        159         59        229         62        175         18        107        176 
        13        143        207        137         21         58        159        114        216        150         28         37        114         69         49        178 
        13        101         71        128         92        163         24        114        140        237         41        101         30         43        166         12 
        77        162         78        189        115         54         65         17         14         87        181        148        176        117         13        216 
        69        182        247        160        181        181        234        229        209        209        204        194        146         94        248         29 
       141        227        244         10         66        245        133        121         65          4         83        204        252        165        115        140 
        92         87        237        135        224         53        250         53        211        208          9         64        234        167        168        158 
       225        217         33        221        146        253        203         80        139        248        154         99         22        136        168        173 
        35        241        154        132        188        125         59        135         51         96        228         40        172        190        230        145 
        99         63        228         33         58         81        194         64        216        186         49        209        153        174        165        159 
       186        209         30        242         39        160        121         48        116         93         14        129        241         30        225         90 
       226        216         31        129        120        128         10         93        126        102        191        201        217        218        111         91 
        13        217         73         10         55        127         11        190        205        132        249        191        180        150        176        244 
       205         30         78         66        209         21        249        245        151        185         85        106         24        185         46        114 
       219          5        164         81        195         25        241        194         54         30        230         70         88        225         10        209 
        52        134         46         97         18         17        104         28         40        244         99         55         68         51         60        176 
       237        130        236        222         63        204         14        134        242        253         55          8        216        139        250        187 
        14          4        184        131         27         58         90        136        235         57        158         36        211         31        248         26 
        81        247        249        122        221        141         32        130         10        236         40         79         48         33        166        190 
        61        158        191        130        194        203        243         65          3        167        125         32          7        171        237         12 
       177         17        189         16         64         54        223        179         60          7        206        174        123        234        117         35 
       228        208        107        177        202         53          9         19         39        114         80         38         31        183        113        200 
       227        137        160        225        155        193        204        166        210        229         57        111        151        192        232        182 
        97         38        173        123         50         51         76         44          0        186         48         26        215        122        114         39 
       206        129         22          7        217        174        218        201        119          6         14        160         36         63        120        174 
       131         20        165         26         85        157        123        182         26        197         31         58         39        112        210        114 
       255         42        185         38        245        220         55        148        201        204         37        202        233         26         58        111 
       117         26        145        194        250        205        130         41         16        141        191        241         90         31         95         70 
        36         56        253         30        198        183         98        152        186         89         99        255        187          3        163        202 
       104        229        183         75         11         76         86         22        164         70         42        110        139        220        228         87 
       162         98        249         38         60         38        232        130         98        105        216         64        146        197         51        108 
       154         96         37        149         19        138        143        162         14        132         76        161         97         66         47         29 
        96        134        118         94          5        120        158         98        198        251        226         86        248        183         28          4 
       148          2        120        115         42          7        162        143        175         31        189        205         55         37         32         53 
       243        151        240        235        137        117          2        218        239        204        174        160        162        116        242        152 
       101         20        121         26        191        111        130        133        167         34        106        207        193         78        178         82 
        73        180         43         55        144         61        171        207        167         69          0        206         68        218        155        190 
       136        106        114        201         67        102        178        106         32        227         11         89         73         19         71        219 
       251         39        246        176         52          2        185          5         82        131        251         65         70          4         81        135 
        38        207        209         69        110        214         64        224        224        242        250        213         49        166        102         91 
       208         21        135        244         90        245        167        182        237         49        110        146          0        208        115         92 
       239        191        221        185         14        253        107        241        225        220        135        187         74        176        193         20 
       205         14         39          8        201        241         14        162         91         90         52        219        149         12         89          6 
       161         68         33        233         64         18        250        229        115        112        157        245        172        220        225        136 
