        72         48        224          9        148        238         75        109          9        124         98        180          8        109        115        238 
        65        180        115        222         51        240        212        188         33        219         12         54          9         39         75         96 
       104         80        163        135         35        119        202        212        103        230        239         81        201         16        215        174 
       201         50         13         17        131        245        149        129        185        164         99        164         94        246         59        186 
         8         78        182        200         64         46        116         26         58         66        170         93        217        134        184         53 
       176        231        112        214        134        255        149         21        199        224        123        248        101         25        126         65 
       234        214        208         95         70         99        247        219        130         49         57        103        217         50         33        211 
       166        128        178        100        219        131         59         14        207         70        118        171         43        128        163         93 
       177        243        255         11        255        126         69        127        177        128        122         49        251        224        250        175 
       198        154        212         33         19        207        155         33        159         42        253        162        217        106         27        138 
       157         16         41        210        144         32         49        184        226        100         29         37          7        247         16         79 
        19        163        229         56        160        155        237        218        172        216         23         15        106         24         86        178 
       132        162        184        135         74         72        174        241        168        217        229         38        211          7         73        165 
        85         38        179        151         76        113          3         84        214        195        140         22        223        220        121        117 
         4         77        218         87         46        231         73        254         82         10        246          5         97        147        224        108 
       247        231        165        132        109         47        133        218        238        252        191        240        114        224        122         70 
        20        162         55         93        126        202        144         54        221         86        217        253        143        132        217         62 
       176        202        118        247        168        216         41        215        167        252          1         73        244        182        125        254 
       152        176        129        202        206        107        132        155        173        124          2         63         49        159         97        198 
       160         26        184         75        180         78        209         17        238        159        251        117        128         22        163        101 
       194        110        121         96         28         28         97        109         19        120          9        139        115         77        250         26 
        57        213         95        163        123        140        213        127         66        171        169        232         28        241        152         60 
        31        134         92        251        148        167        147        139         93         13        153         68        140         77         39        217 
        25         29         20        190        106         33         93        215         75         16        214         28         35        117        208        220 
       169         97        109        112        241        146         77        204        249        199         90        143         74         79        214        127 
        84        133        163        145         43         64        236        146         58        184          4        108        199        175         61        112 
       183        118         69          1        218        231        131        137        226        152         90         69        188        253        168         16 
       156         42         76        176        197         29        192         44        217        201         85         80         20        168        199        162 
       213         54        162        202         13          3        153         56        101        199        165        141        131        199         71         54 
        16         64        201        243         44        104        160        176        136         33        153        254        231        128        169        229 
        42        194        105        182        246        161        109        201         66        156        237          5        248         50        196        244 
       156        110        195        232        147        233         29         26         26        144        232        117        141         28         64        217 
        43          0        181         53        150        103        184        210        171        155        124         72        175        224         30         14 
       228        240          6         78        164        175        183        243        181        229        165        250        128        201        150        113 
       124         15        124        244        199         22         42        204        152         85         17         21        198         55         58        126 
       239        163        103        180         33         93         61        191        145        243        157        189         32         84        101        189 
       171        181          7         16        183         62         56        184          6        218         85        225         44         64        160         60 
       106        139         13         70        132        126         24        253         70         75         72         79        207         10        225        180 
       173         85        209        156        101         74        175        178        249        170        234        182        151        216         29         12 
        90        207        235        228        124         25         98         68        233         12          1        164          0        194        217        172 
       175         69        237         47         14        172         27        152        128         11         25        190        140         74        183        244 
       216        204          4        214        146        217         42         34         74        247         13        162        163        234         22         84 
        80        126         98        104         96        244        249         68         16         26         47        208         57         18        249        134 
       162        115        187         94        174         91         45        110        113        171        114          3         65        110        137        144 
        51        120         37         56         42        177          3        208        162        137        125        163         23        123        120        137 
        85        214         31         25        127         66        145        106        247        158         12        151         86         41        106         17 
       184        145        102        136         75         41        254         58        203        141        169        223         97        247         56         12 
       157        143         64         86         69         46        242          9        199        249        224        200        164         70        173        159 
       150         78         94        113         74        120        180        131         52          6        135         35          8        217        203         66 
       189         16        235         87        238         70        224        221        212        158        204         57         75        107        189         74 
        52        220        213        255         44        185        137         59        223        237        165         92         52        251        247        164 
       176         88        109         44        200        182         60         22         97        190         80         69         83         84         54         45 
       182          2        208        157        158        204        225        249        212        191        249         79        246         11         24        118 
       255        209         99        133        151        197         86        233        246        224        194        219        117         96        188         10 
       165         16        223         39        202        173        153         22        147         52        183         73        199        247        129        241 
        32        174         63        220        133        136        167        250        115        237         62         54        228        197         42         27 
        35         92         16         35         71         95        210        248         27        227          0        141         26         54        184         93 
        28         88         19         81        201        226        107        212         26        102         81        245         77         97        240          6 
       102        139        201        196        250        167        206         74        105        213        244        146         91        135        196         37 
       231         32        224         10         75        183         21        170         51        124        225        100        124        115        163        109 
        41        103        160         69        242        100          9        163        251         75        195        183        249         12        178        255 
       129         40        145        249         77         26         51         90         83        104        210         97         90         38          6        187 
       234        240         70         14         49         67         91         29        228          5        179        173        253        207        209         83 
       216          2        116         20        114         11        134         36        148         20          9          1        206        255        171        205 
