       109        188         78        104        115        169        227        213          3        212        123        200        123        139        180         36        224        248        109         51         27         72        118        117        212         89        132        236          9         40         79         80 
       128         19        105         76        232         29        213        240        141        140         79        144        220         68        138        219         20        244        204         54         54        198        246        118         36        144        123        153        183        165        104        228 
       128         68        184         55         78         29        215        190        212        216         73        100         20        237          0        246        139         78         57          9         95         29         55         38        118         54        248        118        158        164        251          9 
       175        171          5         11         73        106         73        153         80        151        221        223         57        171        148         95         78        182        242        182         80        219        114         31        194        233         12         51        215        184         19        183 
       211        198        218        217        154         69         24        141        231        187        227        157        214        136        119         58        179        201         75         92         76        124        212        164        109         55        169        248        174        125        192        168 
        55          2         58        170        234         68        195        144        108        106         83        232        200         94        122         71         72        235        224         95         70         54         79        103         93        206         19        247        143        164        233         18 
       225         32         40        145        221        102         62        231         59        195        241         60        128        141        246         84         57         60         29          9         52         12        135         88         59        101         19        177         74        139         42        237 
       114         52         12         87        121        156        154         17         88        145         68        158        151        245        251        186        230        230        191         32        184         88        136        244         51          9        176         27         52          3        155        183 
        45         55         26        111          2         70        129        230        239         73        174        225         17        149        125        121         87        220         43        110        137        156        103        135        118         38         89        200        128         94        152        219 
        12         96        253         16        166        230        186         21        115        138         29        170        133        235        166         36        155        171        252          1         44         84         98          7        162         77         66        203         90         58          6        110 
         0        207        142         80        191          3        244        252        114        110         70         28        122         36         39         28        183        184        171        238        210          0        125        196        220        146         26        225        178        103        103        179 
       241        167         91        108         66        200        188        149        237        254        226        128        245        222        143        183        148        146        235         30        126        102         28        174        217        169        130        163        249        220        135         19 
        35         67          9         78        111        248        169        242         26        100        126        110        162         83         82          9        223        155        172         88        161        159         58         26        113        151         12        219        175        197        183         63 
       196        117        190         64         23         14        103        225        223        249        219         74        229        134        176        155         86        212        243         36        162        159         53         68        138        202        122        153         10        128         56        146 
       134        168        210        231         69        114        126         72         29         56        170        243         70        111        186        215        195        229        207         92        209        114         35         90        133          5         37         40        178        195        172        119 
       117        192        166         52        210        218        212        251        112        203        166        181        243        131        143         88        168        177         88        219        155        252        154        123         78        189        145        158        208         22        200        124 
        51        127         75        172        214         19        126        146        238         37        216         87         64         94        101          8        103         48        241        143          7        235         74         42         29        154          6        203         87         75         61          5 
        50         86         81         59         98        242        113        173         82         26         62        195        176        170        222         19        132        152        131         64         43        139        240         83        156         42        109        140         98        241         55        160 
        91        146         77         63        133         90         93        146        234        236        197        185         10        147         95        192         49        219        223         21        180         62         98        171        226        154        244         30        254         39        243        136 
        79         39         46        238        175        209         13        170        228        240        220        173        179        202         74         80        252        210         70        214        241        150         84        252          0        139        168        251        132        119         57         19 
       127         57         46         74        192        181        175        191         63         46         48        221        249         71        135        134        220        150         19        184        177        196        227         25        134        244        103         64        163         80        181         87 
       178         71        254        191         89        213         65         24        240        192        139        178        195          4        113         40         58        229        107         16        211        153         31        188        134         67         85          2         43        246        247        190 
        19        164        242        217         98        214        186         83        156        151         57        133         20         57         87        131         41        112        128         85         54        232        192        194         69        213        168        246        193         27        253         55 
       152         77        138          3        221        141         81        143        255         70         65        138         91         11        207         87        240        131        243        217         60        164        215         65         71         26        208          9         60        172          6        145 
        11        218        222        247        197         38        253        165         95        164        188         78        190         40        175        200        175        176        248         57        239         63         12        253        116         16        143        148         73        137        136         73 
       152        248         99        216         21        180         27          5         12        184        131        139        215        125         80         35         88        246        139        214          4         77        122         10          7         27        237        164        206        203         64         92 
       102        154         77        202        126        230        109        197         93        156        229        165         58        165         45        124        201        137         57         17         55        110         43        149        179        145        239         52        207          7        242        224 
       228         37        145         46        116         73        201        128         89        225        150        238        171        231        168        244         98        176         95        211         92        132        190        229         15        162        166        138        137         99        180         15 
        93        140         62        160         75         50         90          7         97         31         89        218        207        252        118         12         88        178        253        137        147        157        114        137        116        187         55        244         51         50        253         42 
       103        204         84         37        160          0        103        106        129        111        134         25         36        221        221         99        178        177        211         58        157        242        242        193        236         49         47        208         24        165        226        201 
       168        100        214        165        240        209        145        130         86        109        203        128        149        223        253         52         69        111        209        216         52        105        214        189        103         33        132        161        214        197        151        110 
       216          7        207        169        166        141        187        182         86         74        239        201        173        108          3        199         60        122        102         69        254         71        139         21         39         10        111        231        177        166        125          2 
        14        237        134         88        227        149        132         49        189         79        177         77        221         70        242         29        246        163        153        226        228         77         87         55        120        104        133        112        254        119        213        235 
       202         41        201        222        142         94        211        212        165         37         85        152         94         64         50         71        175         74        167         13         58        164         12        136        172         51          8        126        213        213         35        246 
         9         59         59        223        205         40        167        100        150         80        234        243        111        107         68         60        239        133        122        203        102        123        174        116         96        200          4         28        249        201        206        236 
        24        134        172        204        240        207         88        158        198        148         61        150         54        106        179        159        215         23        223         48        223        227        146        110         80        153         86        109         15        130        170        246 
        51        104         15        231         19        240        159        104         23         71        114        224        193        139        130         85         24        165        162         60         68         50        101         27         65        209        254         78        148         28        236        119 
       117        218        209         43        142        131         23          2        177        254          2        132        243        153        244        210        128        139        155        121        240         36        177        119        186         60        142         25          0        216        171        109 
        85         54        246         83         67        223         74        190         21         61        144        212        121        229        107         77         83        190         11        202         89          2        126        197        187        124        109        173        249        241        202         19 
        18        205        179        202         89        137         58         92        155        231        121         56        203        211        160        207        231        218        133        245        189         24         85        119        102        156        159        231         80        217        114        234 
       101         85          8        214        219         43         88        219         97         85         86        243        180          5        229         50        146        184         27         12         74         62          4        209        222         53        121         17        105         62        231         73 
       124        106         21         84        239        188        189        148        244         28         74         60        230         33        212        252        248         75        187        191         72        183         68        241         91         60        103        232        162        116        145        182 
       170         99        249        249         88        254          8         37        169        199        141         64        194        145          8        195        138        162        168         51        210         20        167        221         30         31        235        216        171        221        247        238 
       162        193        211         52        222        161         84        144        145        164        232        218        120        242         20         41        187         45        198         52        107        200         39        225        166         62        212         68        148         60         13          9 
       119        210         11        196         41        110         99        253         64        139        245         11        128        192         67         47        226         27         16        122         15         64         65        110        109        227        164         48         34          2        227        113 
       124        127        166        127        230        241        200         46         87        241        185        219          9        109         62        114        110        243        235        252        104         45        231        205        213        236        102        194        216         16         10        230 
       130        152        134         82        228         71         43        207        192        124        198        202        215         58        220        174        179        133        126        176        233        123          5         75        204        233        156         62         76        158          6         42 
        41         55        130        224        216        234         87        115        182        195        220          0        144        229         70        254        194        248         52        150        215        194         84        120        165          0        146        239         14        196          4        102 
       219        148        249        238        112        151        102        209        170        112        251         38         41        208        208         13        230        106         35        219         24         62        226        138        178        112         20          5        215        210        239          3 
       183         79        211          2        101        158        236        138         12        150        191        224         70        246          1        231        149         38        255        167        154          2        108         90          4        200        223        167         56         62        254        217 
       176        240         26        239         77        172         53         56         69        244        240         34        146        120        151        209        181         29         11        250        174         67        122        178        219        104          2        175        114        157        135         61 
        11        115        229        223        211        241         48         43        139        199        253        210         94        208         85        168        122         71         51         41        117         11         77        131        162        115         60        240          5         26         40        183 
        42        181         44        162         73        113        115        253        236        190         35         71        142        104        190        240        191        176        246         15        153        236         69         78        132        231         77        119         27        101         43        196 
        55        189        117         43         78        108        160        175        239        216         52         50         80        237         14         89        242         28        143         60        248        173          5         39        173         80         15        142         69         58        226         18 
       202        231         21        200         44        136        120         38        252        208         85         21        241         92        146        226        134         45        253        180        101         91        204        114        204        231        130         38        235         20         89        217 
        11        174        187        204         72         92        178         60         27        233        140        112        244        158         70        177        117        176          6        146        221        204        230         55        138        159         33          3        110        223        127        253 
       226         15         61        190         51        137        221        225        216        122        214         77        100         80        186         46         38        244         35        243         63         80         99         76        190          3        170        248        177        230        159        199 
       255        243        221         86          1         41          1        125        151        249        230        138        141        253        103        141         60        190        204        130         23         82        234        218        215         71        100         38         21         84        128        117 
        29         26        156         51        161        254         79        214        126        156         46        136         23        178        150        128        211        253        144         57         30        230          1        212         61         51        123        202        182         33        106          7 
       242        170        231        127        246        149         79          6        206          7        159        231        110         65         13        187         36         67        229        109        239        207        191        105        161        105        141        146        222         94         14        129 
       160         19        210        249        179        227         85        122        247        119        245        148        172        151        124        255        188        188         46        119        128          1          7        193        123        223        160        209        247        210        192         17 
       206        105         43        130        119        175        209        153        236         50         67        170        180         23        250         46         86        233         40        175        221        252        145        224         66        236        118        127         18         97        105         14 
       252        184        148          9        103        232        122         86        248         46         94        225         47         51        102         28         49        204         45        136         97        154        215         22        210         39         72         59         51        104         10        169 
        58        227        234         97         37        207        112        152         59         60        178        253        107          8        207        150         91        232        172        117         96        166         11        140         15        125        206        107        197         20        215        162 
