         6         53         48        151         23         11         36        198        243        241        171        105        175        147        164        187         77        181        248         25        233        136        173        238         29        253         56        109         29        156         39        165 
       201         97         42        148        222        220        162         93         38        138         15         68        141         73        199        217        180        213        190        251        200         89         82        250        163         87         22        199        128        110        217        138 
       101        105        185        155        184        188        234        228         81        166        114        138         60        134         16        135        253          2        247         62        154         28         32         46         18        175        231         52         87        171         43        121 
        70        218         78        177        128         79         25         39        175        215         88        142         78        159        236        153         23        159        243        131        249         65        215        251        140         53        125          3         77        140          7        102 
       118        130         86         84        231         76        136         31        204        242        108        118        228        172         93        152        235        140        146        169         83        247         43         69         26         59         77        192        107        217        239          4 
        46        215         30         54        233         54         26         81        240         19        255         63        122        113        206        194        228        251        134        105         43        219        172         93        241        220        146        135         12        189        148        158 
       229        105         32        236        214         62         56        135         20        232        108        160        236        243         87         60        247        153        249          6        137        252        145         20        145         70         17         54         58         24        226        162 
        38        199        125        248        107        200          4         41        178        191        160         46         28        179        242        235         77         45         65        156        133         71        168        184        244          6        146        139        139         85        249        180 
       232        146        242         79        155        103         84         41        208        178         29         63        135        235        250        167        198        133         33         90        219         51        252        216        182         91         96         40         72        255        108        222 
        20        252         19         80        226        249         10        107         48         76        206         11         86        218        104         80        182        194        194        168         82        194        233         17        110        196        214         19        226        118        144        211 
       245        107        216        252        186         16        172        212         37         32        171         62         23        231        133        138        203         53         72        113         16        187        222        106        200        171        252         79         30        204         86         75 
       244        211         62        106        241         54        221        200          0        231         33         92        226        205         28        149        190        126        159         56         76        138         63        186        113        230         85        120         98        241         14        234 
       141        165         37        197        128        174        208        164         56        172        252         94        243         43        124         73        138        156        179        237        117        137        183         79         14        143        173        113          3        211        223        181 
        99        145         62        170        146        165         34        165         85        181        238        250        178         16        165        232         38        108        166         76         89        205        207          7        229         34        148         34        192         39         46        254 
       147        233         75        132         14         71        185         84        234        126        165        100        165         98         47        218         36        114        107        113        137        253        157         77        212         33         45        112        203        114        244        222 
       204         94        141        184        248        175        239        211         88        118         46         52        174        137         63         99         13        209        224        117        152         67        111         98        117         21        158         12        125        106        101        106 
