       109        188         78        104        115        169        227        213          3        212        123        200        123        139        180         36 
       128         19        105         76        232         29        213        240        141        140         79        144        220         68        138        219 
       128         68        184         55         78         29        215        190        212        216         73        100         20        237          0        246 
       175        171          5         11         73        106         73        153         80        151        221        223         57        171        148         95 
       211        198        218        217        154         69         24        141        231        187        227        157        214        136        119         58 
        55          2         58        170        234         68        195        144        108        106         83        232        200         94        122         71 
       225         32         40        145        221        102         62        231         59        195        241         60        128        141        246         84 
       114         52         12         87        121        156        154         17         88        145         68        158        151        245        251        186 
        45         55         26        111          2         70        129        230        239         73        174        225         17        149        125        121 
        12         96        253         16        166        230        186         21        115        138         29        170        133        235        166         36 
         0        207        142         80        191          3        244        252        114        110         70         28        122         36         39         28 
       241        167         91        108         66        200        188        149        237        254        226        128        245        222        143        183 
        35         67          9         78        111        248        169        242         26        100        126        110        162         83         82          9 
       196        117        190         64         23         14        103        225        223        249        219         74        229        134        176        155 
       134        168        210        231         69        114        126         72         29         56        170        243         70        111        186        215 
       117        192        166         52        210        218        212        251        112        203        166        181        243        131        143         88 
       224        248        109         51         27         72        118        117        212         89        132        236          9         40         79         80 
        20        244        204         54         54        198        246        118         36        144        123        153        183        165        104        228 
       139         78         57          9         95         29         55         38        118         54        248        118        158        164        251          9 
        78        182        242        182         80        219        114         31        194        233         12         51        215        184         19        183 
       179        201         75         92         76        124        212        164        109         55        169        248        174        125        192        168 
        72        235        224         95         70         54         79        103         93        206         19        247        143        164        233         18 
        57         60         29          9         52         12        135         88         59        101         19        177         74        139         42        237 
       230        230        191         32        184         88        136        244         51          9        176         27         52          3        155        183 
        87        220         43        110        137        156        103        135        118         38         89        200        128         94        152        219 
       155        171        252          1         44         84         98          7        162         77         66        203         90         58          6        110 
       183        184        171        238        210          0        125        196        220        146         26        225        178        103        103        179 
       148        146        235         30        126        102         28        174        217        169        130        163        249        220        135         19 
       223        155        172         88        161        159         58         26        113        151         12        219        175        197        183         63 
        86        212        243         36        162        159         53         68        138        202        122        153         10        128         56        146 
       195        229        207         92        209        114         35         90        133          5         37         40        178        195        172        119 
       168        177         88        219        155        252        154        123         78        189        145        158        208         22        200        124 
