        21        165         90         84         48         53         23        190        119        118        199        178         93        165         99        139        182         58        181        238        133        146        150         42        195        197         23        240         60        137        245         77 
       175        170        224        134        253        101         95         93        181         33        136        202        125         81        175        116        201        224        188        251        232        228         70        216         16         54        189         35        209        102        139        132 
       199         84         54        217        201        129        149         40         23        232        143         81        161        186        217        135         70        233        120         73         37        248         16        157        191        180        248        223        212         75        252        225 
       217        147         31         87        174        200         60        243        102         55         41        169        243         28        179        241        161        122        198        252          0         21         98        184         31         57        206         52        233         94         37         71 
        24        236        126        136        114        229        106          1         18        180        207         76        252        148        178        174        178        120         39        188         71        163        136        201        219         23        187         18         19         12        184        215 
         9        118        237         22        209        147         22        239        214         34         63        134         71        150         64          7        246        235         50        147        159        194        190         59        147        153        227        191         44          2         78         59 
       149        109        214        118        198        147         57        109        253        187        223         57        125         51        189         69         28        221        128        144        250        152        158         23        130        179        206        185         46        192        144         10 
       229        102        208        189        241         81         12         88        179        181        172         95        212        150         48         34        169        136        213         49        234         56        124         92        185         98        129        214         93        252        157        182 
        24         15        232        111        194         42        218        123        215        104        208         96          5         33        192         41          4         47         63        209         14        188        118         20          5         27        234         26        112        195        149        119 
       106        143        103        184        173         59        135         28        138         26         29         51         44         81          9        149         44        105         51         91        255        115        223        226         41        206        137        175        239         45        181        172 
       239         10        159        190         61        152        227        222         92         61         88        202        146        233          0        142        234        243        180        200         69        152        155        248         20         74        223        152         50        228        187          3 
       152         68        115        193         32        152        109         63        179         38        216        187         85        139        123         61         66         75        190         62        202         59         95         89        218        198        117        215          6        240        255         62 
         7        163        192        210         62         17        146         50        180        130        123         70        121        246        106        208        254         83        158         74        164         92         21         22        225         41        217        230        212        143        116         61 
       105        188         17        179        123        246        198        199         36         49        190        249        144        194         74          8        189         78         56         43        167         37         52         16        128        141        236        196         85         64         36        245 
       114        237         96        102        130         60        111         88        109        219         64         33         51        181         60         22        172        149        193        161        215         60         62         16         21        211        183          5        173        173        229         13 
        62        142         77        152         79        189        161         19        212        113        175         53         23        192        168         19         12         95        231         36        156        252         85         93        244        200        184         47        154        230        243        224 
       114        179        247        211        191        248          0        161        182        254        137         15        171         28        166         12         27        114        107         72        189        115         69         52        127         86        169        113        155        238         51        132 
       138         68         37         95         21         81         98          3         21         47         14         10        123         33        247         94        155         56        142        104        147         83        164         28        228        183        165        112        113         71         28        136 
         7         11         19        211        175          6        218        105          4        146        129         74         28         82        252         32        147         48        141        154        175        204        204         98        200        215        171         14         80        190        154        248 
        15        173        188        185         57        103         88        135        204         57         62        220         71         37         48        235         61        158        138         40        206        206        117         46        208          2         19         30         91        141         32        214 
        63        224        141        210        111        252         19        191         98         11        145        145        233        119        243         38        154        103        174        189        183        176         54        217        126        167         33        228        132        116         96         59 
        14         20        245        106          2          1         13         11        243        109        137        231        170          4        210         70        236        170        109         29         40         35        150        158        108         67         62        147        136        147        210         75 
         2        196        157        123         31         77        221        236        180        113         48         91         60        232        149         72        114        211        227         94        179         70        243        116        251        234         27        233        228        248         15        147 
       140        134        196        107        153        166        138        222        240        170        165        110        201         39         56        218        201         71        181        191         87         37        249        150        173        120         90          7        190         49        233         14 
       121        218        244         51        178        218        103        222        150        241         56         76         16        251        139        102         99        101         98        111        125        108         49        181        167        111        121        138         54        215        239         53 
        66         94         71         63         15        109        125         12         22          1        208        124         82        195        197        197         76        187        130        110        101        163        174        105        170        133        179        254        168        166        211        183 
       192        174          1        134        190        148        209        151        104         57        218         93         32         77         90        231        215        249        211        206        116        115        238          8        202        203         77        167        242         28        176         25 
       171        168        101         90        180        163        200         89        254        146         27        232         61        127        163         25        137         66        245        142         36        253        118        206         62        221         38        194         27         52         30         50 
       171         10        170         77        154         54        120        130         58          1        118         56        250          0        171        147         51         64        148        153        245         60         90          9         21         27         91         69        192        155        155        235 
        29        203        133        127        186          3        203          1        242         82        140         55         47        208        157        249         19        233        164        155        227        103         82        110         82        130         70        231        116        210         94         84 
       106        134        184        195        106          6        236        238        211        140        149         98        107        218        255        252         75         52          0        182        199        191         72        218          5        171         52         93        150         81         28        131 
       112        244         12         59        240         31        202        193        205        217        199        255         41         85        188        134        247         46        194        228        123        200         67        148        195        159        247          2        216         12         87         98 
       113         67         62         62         37        101        102        143         91        231        148         54        243        152        170         22        114        154        132        201          6        127         90         98         26         12         39        170         75        126        170        169 
       201        139        112        122        225         92        107        236        105         63        141        100        190        200        101        168        225        136        218        199         78        113        230         55        117        188        244        117         97        234        251        192 
        75        184        112         53         96         59        120        126         31        149        150         35        245         71         65        255        195        170        249        185        202        200        127        182         48        254        231        169         74        237        100         65 
       101        188         15        188         82         72         68        251         81        242         13        200         69        223         63        237        151         77        194         12          8         52        101        201         53         84        246         73        116        201        134        222 
        77         65        241         50         98        168        204          0        176        227        136        188         40        192        170         57        190        113         98          5        230        198        161        103        150        251         86         70        141         54         69        127 
        32         24         60        209        243        200         31        181        255         87        233         28          6        246        172         82         72         51        250         67        114        153        111         72        246         32         50        199         77         83        196         72 
       135        218        131        172        174        165         96         30         62         50        118        101         32        112        233         22         12         14        187         62         94        249         19         17        194         45         74        159         40        233         14        144 
       149         65        108        171        148        138         84         90        129        234        171        102        102         68        152        239        193        186        201        185         26        203        229        138         39         70        184        246        248        102        251         91 
       179        192         41         66        214        152         62        101        123         91          9         18         19        205         38         64         24         85        170        195         84          1         58        138         64        211        126        159        119        195        177         77 
       224        212         66        220        200        183        243        188         72         91         59        206        127         61        143          9         12         22        120         74         77        162         21        132        241         48        120        160         95        146        208        156 
        29        174        129        122        217        174         74        216        192        217          8        124        118          6        169        160        165         61        152        184          4         73        100        122         56          8        157        189        237         44         68         61 
       200        177         64        131         37        180        224        159         16        233        249        234        193        137        179         48         56         44        112         53        222         34         15         20         61        227        196         94        248        209         57        114 
        14        201        229        163         53        215         94        251        208        123         12        253        177         83         86         97        186         11          7        137        243        210        134         71         37        194        249        140        174        157        147         96 
       241         86        153         30        126        235         61        112         42         50        186        147         76         85         75        158        178        111        212        125        175        159        100        100         45        141        145        148        225        152        202        210 
         3        244          8        103        116        248        136         58        214        165         19        172        142         79        140        159        230        193        210        252        239         97         55        211        172        103        123         94        227        226        148         65 
       255         89         79        186         29          1        199        137        151        240        158        165         34        134        155          9         84        144         50         85        128        251        173        228        162        170         37         40        194        181        132        112 
        46         81        216        254        162         96        200         17         73        195        122        254         64        231         65        150         13        108         37        221         60        156        208        178         86        148        155        185        143         12        124        235 
        41        132        198        141          6        170         43         60         77         92        200         15         65        248        252         16        146        192        211         65        162        189          7         27          2        150        133        133          8        151        173        185 
       155        239         47        186         87        195          8        194         69        109        150        108        244        229         54        194        174          7        102        225        100         97        138        110        115        195         23         43         27        125          6        245 
       170        103        211        174         74         43         27         95        121        255        242        184         88         31        209         40        110          7        152        140         10         47        177        159         68          0         52        192        123         53        140        217 
         0        165         76        212        209        152        151        235         78         73        119        189         77        233        128          1         29        198        234          7         82         96         13         65        105        160        181        135         18        162        125        211 
       160        255         81         90        158        147        139        183        189         21        184         25        174         54        128        187         25         19        243        206        156        162        112        146        112         31         62         70         21         74        170         75 
       186        111        145         34        187        201        247         13        181        173        220        254        127        103        193        126         20        244         83          4        232        171        193         13         45        165         24         31         19         80        110         38 
       131         74        214        188         98        165        216        210        124        235          1        221        199        234          3        119        204         26         62        219        209         42        252        159        203         20        184        217         83        149        146         57 
        37        115        212        193        106        247         16        198        174         47        146        166         34        198         71        155        123         46        103        100        149         42        244        182        197        167        114         10         41        246         75        138 
       106        230         15        227         74         89         95        244         81        153         72        201        145        226        193          8         90        233         77        123        170        140        247        102        162        234         94        212        155        204        249        168 
       249        127         55        154         83        118        142        247        195        104        207         14         26        255        110        194         41        128        204         92        235        159         40         81         57        179        210        229        169        160        151        182 
       147         33         68        199         76         10         67         58         82        163        128         88        164        170        222         54        243         94        120         78        111        152        159        170          6        159        212        229        249         85        139         49 
       202        253         12         45        235         79        222        153         85         33        137         97        123         10        174          1         30         62        119        170        254        132         27         82         14        203          6         60        252         20        185         29 
        82        224        253        251        104        117        184        255         16        134        134         79        117        240        118        165        176          2        200         62        167        218        166         66         51        251        145         20        139          2        197        162 
        10         87        125         45        219         75        108        160         64          8        175          0         45        133        255          0         24         46        172        122         61         11         98        241         11        248        184        182         50         76        189        200 
       191        195         77        153         45        234        174        162        247        127        145        181         50        207         79         57        231        210         11        233        200        201        133         21        255        245        141        237        250        101         91         23 
        10        210        204         16        215         19        249        181        208         95         53        206        121        230         38        209        147         81        150        194         96        197        230         80         44        148        209        203        210        113        124        161 
       151         53        101        148        249         24        172         91         12        222        223         19         56         12         38        181        237        142          4         35          5         82         12         54         74         58        101        194        235        119         26         80 
        89         86         68        140        176        254         27         49         39        124        205        187        184        220        137         79        205        250        245         27        105        186        111        228        143         59         22         84        100        170         91        102 
       178         20         53        176        160        221        169         18         90        209        254         69        217         64         89        211         40        179        183         70        116         19        120         81        187        241        144        244         38        153        252         48 
       146        159        207        240        179        148        117        188        137         91        115        152        214         66        209        147        115        130        226         36         45        178         59        116        203        110         81        216         65         98        176         20 
       173        214        230        133          9         44        156        181        174        186         61         29        146         35        234        157         87         56        195         50        253        249        246         29        193        114        129        115        161        188        249        162 
       164         41        255        247        122        237        244        164        166        237         73        118         89         17          9        206        253        222         46         47        132         50        134         95         19         28         47         67          5         20        162        200 
       236        207        116        244        224        238         15        180         31        225         33        187         64         10         64        159         84        148        232         80         12        205        203         21         11        154        212        165         96         17        196        210 
        58         76        134         16         52          0        178        152         25        116         14        218         70        248         33         74        114        132         70         79          4        137          2         96         64        255        221        246         60         85        113         54 
       250        156         16        182        127         75         89         97         69         35        177        159         15         81         13        213        210        182        202         57          9        177        219         49        222        192         40        182        144        122        184        153 
        79        134        203        110        239         59          7         96        214         90         60         82          2          3         23        243         26        164        132        240        169         98        190        148          4        227        239        237         53         38        231         85 
       161         10        120         65        152        173        232        241        206        190         71        127        225        103         50        194         56         22        143        201         48        180        107          4          4        134         68          2          1         22        228        244 
       202         45        156        201        245        235        240        239          1        185         32          9        121          5         72        156        125        119        237         87        196         44        222         82         67        111          4         91        128        168        185        112 
        60         83        220         95        124         33        130         10        163         50        145        211         77         84         14        116         38        128        126        168         51        175        194         28         90         78         44        246         65         99        126          1 
       164        151         53        151        176        207        227        202         15         64         33         97         65         14        193        194        179        186        153        222        195        110         93        238        253        170        250        126        139         74         11        193 
       156        189        169        190        111        124        209         55        143        165        168        161        179         71          4         26        221         20         56         54        106        181        200        243        200        130        249         53        140        102         53         64 
       103        162        178        113         52        219         23        156         53        235         60        208        210        171          4         32        149        188          2        242        203         30        170         99         22         54        255         31         71        253         60         94 
       165         27        117         41         25         41        251        202        232         73         28        185         28        101        139        117         79         39        115         92         44         72        107         75        159        165         92        244        185        194        144        180 
        50        225         72        110        204         30        102         61        216        103        202         42        187        217        117        222        157         30        133        105        227        244        172        190        109         23        184         35         76        251        160        152 
       113         75        116         12         46         37        212        118        161        133         57        216        109        101         55        201        195        248        174        196        126          9        127        224         61         97          6        174        124        153        145        191 
        16        112         10          3        232        122        128         16         72        231        193          7         81        235        173         45         82        222         68         13        254        205        111        118        166        159        170        185        174        254        125        249 
        32        187        120         27        180         11        176         35        180        124        149         93         67        208          3        136         59         79         94        235        144         49        161         80        194        211        161        212        226        100         21        162 
        67        212        117        114        192        214        225        104        255        242         88        127        140        101         33        212        103         74        205        235         94        114        226         48        183        111        183        175        237        105         44        210 
        69        134        219        163        209         57         88        196        208        241        120        179         19         78         70        224          8        114        144        167        205        162         44        176          1        105        117         39        103         13        254        222 
        76        255        172         71        129        148         55        200         63        178        144        112         89        128         12         97         34        197        248         27        161         98         47        179         17         64         13         18         26         33        234         49 
       141         58        250         37        237         23        167        115          9         85         59         98        119        252        204        222         88         28        173         50        186        146        210         38        112         61        228        235        190          4        231        205 
        82          3         62         22         15        116        163         10        154         24        117         97         56         71         58        241         59        164        239         66         86        103        249        176         12        158         16        138          1        199        230        235 
       126        226        155        149        140         18        134         49        179        142        174        102        129        229        129         33        189        188        135         59        173        137        178        119         20        147        137        147        168        110        119        246 
       101         74         39        212        245        126        184         26         13         66        234        218        200        168        162        136        191         25         61        168         98        151        224        154        243        196         17         81        249        252         11          8 
       120        103        246        170        125        231        112         32        222        134          2        166         77         68        133        251        250        184         30         68        156         29         58        237         82         35        159        117        189        138        131        182 
       227        178         19         53        213        151        118         60         15         40        163        163        110        236         89        199         58        235         94        234         94        157          3         56         95         80          5        110          4        171        244        162 
       228        115         75        234         79        187         47        202        210         37        163        126        133        241        216        221         80        215        135        243         64         38        110        190        143         58        135          5         98         92        170        216 
       220         49        246         96        228        123        187        106         23         44         89        108        203        124        242         17        145        141         35        136         80         15         76        100        170         84        215         46         69        134         52         37 
        76         21         11        195         21        194         50        106          6        181        189        175         94        127         21         64         52         49        167        149        134        157        209        255        251        241        230        137        194         73        238         39 
       102        184         29          6        237        125        115         63        238         57        118        216         72        180         31         92        197         50        215        232        102        183        176        173         12          4        237        188         61        197        228         63 
       138         42         67        128         89        224        216        201         46         89        111        159        181        165        114        221         95        171        144          6        205        209         19         24        198         24        147        160        247         10         50         14 
       168        144         50        126         46         86        119        118         30         10        180        190         58         52        123         78        189        209        164         14         20         75        217        235        193        248         91         54        196        157        249         95 
        16        184          1        130        120        105        217        187        132        224         79        137        150         49        112         86        169        210        116        105        125         63        136        231         64         16         40        204        203         97         17         51 
        52        166        107        222         76         55          2        140          7        159         20        214         68        119         46         55        181        164         59        179         68         23        231         34         46        254        188        211        161        136         11        107 
         0        205         53         11        187         61         56        103        248        130         19        110         94        112        118        198        128        253         95          4        175        193         54         92        176        177        137        252        178        170        252         64 
       152         17        161         38        114        198        250        116        212        152        140        151        231        203        219        223        135        242        142        144        190        169        208         70         19        241        167         33          7        202        241        155 
       238         90        143        222        188        144        100         72         33        143         42        223        229        119         78         73        186        209         25         38         96        162         71        171         84         73        167        153        112        183         55         87 
        29         21        194        187        246         90        210        186         83        188        232        213        196         17        107        208        183        140        157         87         56        248        151        233         85         49         48          3        219        114        183        223 
        88         41         29        150         29        197        208        247        100        239          7         79        252        129         39        162         42        218         88        132         86        231        102        151        192        222        144        105        167        185        162          1 
       182        238         64         31         42        179         74        171         23        194        149        200         55          0         96         66        128        225        199         15         57         85         22        197        169        133          5         45        195        100        152        171 
         2        156        121        183        121        178         35        195        174         13        114         42        242        163        163        236         45         38          9         31        173        138        197          1          7         99        173         41         86        230        219        228 
        95        161         82         56        173        172        235         51         40         49         25        110        190         35         13         96        196        208        165         36         10         25         76         66        169         79        127        253         93         29         79         40 
       102        115        116        242         25         41         42         41        168        179         93        196        167         53        198        194         10        156         91        140        226        130        238         62        215         14        199        207        169         36         65        199 
       190         11        186         46         90         37         48        182        217        117         92        215         75         41        207         47        234        102         38        171        234         89        140        148         23        120        157        170        168        117        190        152 
        25         37         70        141         98        175          0        208        105        140         72         15        102        120        168        234        187        127         92         66         94        203        102         92        126         72         54          0        105          9        190         10 
        54        161         22         79        214        152         44        111         55        167        101        141        106        119         36         66        165         43         27        231        216         65        251        137        254        164          0        248          2        167         55         37 
       228        154         56        112        188        252         32         26         35         33         25        115         94        204        195        164         51        165        194        107         18         32        155         70         63        249        131        106        191         78        241        255 
       157        228         72        199         77         29         79        156         36         95        226        142        202         12        193        202        243        210        127        198        107        235        128        187        102        248        115         89        138        102        135         15 
         6        246        128        123        228        185         49        146         18         26        161        100        226         28        135         23        248         80         81        194        225         97         14          2         35        148         11        248         32        201         93        182 
        99        187         78         32         17        230        233         96          5        137        160        135        168         51        129         24        126        165         12         78         15        187        178        184         26        209         88         30          4         35        228        211 
       167        161        182        157        200        127        125        213        131         69        226        218        189        206        234         12          9        220        123         50        135          7        139          2        141        160         72         89          1        222        186         35 
       198         54          0        109        225        253        185        114        189        174         94         84        232        253         86         68         13        128         85         53        121        100        147         39        232          9        136         14         10         89        133        231 
       134        155        137         29        229        188        158         38        119        117        229        203         20        154         68         77        194        111        178         11        148        114         44        214        180        112        157        176         95        178         84         46 
        80         75         59         48         81        161        156         88         96        177        200         77        232         36         81        124        100         72        112         22        191        249         93         46         70        157        237        196        119        214        134         73 
       116        249        185         26        198         87        163        167         88         12        117         36          4         20        152        233        112        102        208         73        157         35        111        116          7        112         22         22        233         37         16        191 
         1        181         90         71        227        210        250        181         79        192        237         84         33        224         58        150        232         20        228        149        164        151        247         87        201        157         67        192         16        106         57        111 
        49        223        153         95        177         91         51        255        208        162        106         86        170        242         84        158        210        147        114         18        135        122        103        124         43          7        111        170        243        237         79        140 
       239        229        242        234         52         19        228         94        224         36        213        174          5        161        254         59        166         17         17         58        131        103         26        120        106        253        111        196        252        136        222        114 
       213        212         58         22         93        201        144         73         92         95        145         33         68        117         87         52         33        158         73        240         37        204        181         10        203         64        107         66        230        157        229        213 
