        41        116        123         27        174        105        238        111         50         92        197         86         69         27        164         24 
        37         59        118        132         74        216        161        186         27        132         20        188        100        124         68        175 
       253         52         18        177         72        240        180         62        231        237        193        137         36        164         53         92 
       244         60         55        139          9        122        129        247        228         38        150        155        148         90        252        182 
        16        231        211         78        193        186         96        126        198        113         80        255        213         41        148        203 
        94         96         69        182        250        110        189        177        132        234        219         51        149        132         70         53 
        93        207         64         30        200        172         79         21        135         69         88         25         36         60         12         14 
        93         23        204        145         17        242        175        227        242        205        245        137          1        248         11        180 
        12        113        205        188         61        151         44        252         14         34         43        206        154         18         76         92 
       116        193         34        104        109         73         83        221         54         42        125          8        107        239         20        224 
         4        204         65        203          1         26        211        205        167         93         28        150        116        171        198        155 
        97         24         63        106         46        233        185         22        234         14        178        161         40         16        171        128 
       202        171         79        217          9        187         11         42         32         40        105        100        253        239         97        149 
         2        208        224        207        208        207        188        183        195          1        238         24         39        207        200        250 
       135        249          9        231         27        153        103        214        245         26        237        240        121        113        103        234 
       159         90        219        230        212         77         67        221        227         38        226        117        204        151         97        105 
