       109        188         78        104        115        169        227        213          3        212        123        200        123        139        180         36 
       128         19        105         76        232         29        213        240        141        140         79        144        220         68        138        219 
       128         68        184         55         78         29        215        190        212        216         73        100         20        237          0        246 
       175        171          5         11         73        106         73        153         80        151        221        223         57        171        148         95 
       211        198        218        217        154         69         24        141        231        187        227        157        214        136        119         58 
        55          2         58        170        234         68        195        144        108        106         83        232        200         94        122         71 
       225         32         40        145        221        102         62        231         59        195        241         60        128        141        246         84 
       114         52         12         87        121        156        154         17         88        145         68        158        151        245        251        186 
        45         55         26        111          2         70        129        230        239         73        174        225         17        149        125        121 
        12         96        253         16        166        230        186         21        115        138         29        170        133        235        166         36 
         0        207        142         80        191          3        244        252        114        110         70         28        122         36         39         28 
       241        167         91        108         66        200        188        149        237        254        226        128        245        222        143        183 
        35         67          9         78        111        248        169        242         26        100        126        110        162         83         82          9 
       196        117        190         64         23         14        103        225        223        249        219         74        229        134        176        155 
       134        168        210        231         69        114        126         72         29         56        170        243         70        111        186        215 
       117        192        166         52        210        218        212        251        112        203        166        181        243        131        143         88 
