        72         48        224          9        148        238         75        109          9        124         98        180          8        109        115        238         20        162         55         93        126        202        144         54        221         86        217        253        143        132        217         62 
        65        180        115        222         51        240        212        188         33        219         12         54          9         39         75         96        176        202        118        247        168        216         41        215        167        252          1         73        244        182        125        254 
       104         80        163        135         35        119        202        212        103        230        239         81        201         16        215        174        152        176        129        202        206        107        132        155        173        124          2         63         49        159         97        198 
       201         50         13         17        131        245        149        129        185        164         99        164         94        246         59        186        160         26        184         75        180         78        209         17        238        159        251        117        128         22        163        101 
         8         78        182        200         64         46        116         26         58         66        170         93        217        134        184         53        194        110        121         96         28         28         97        109         19        120          9        139        115         77        250         26 
       176        231        112        214        134        255        149         21        199        224        123        248        101         25        126         65         57        213         95        163        123        140        213        127         66        171        169        232         28        241        152         60 
       234        214        208         95         70         99        247        219        130         49         57        103        217         50         33        211         31        134         92        251        148        167        147        139         93         13        153         68        140         77         39        217 
       166        128        178        100        219        131         59         14        207         70        118        171         43        128        163         93         25         29         20        190        106         33         93        215         75         16        214         28         35        117        208        220 
       177        243        255         11        255        126         69        127        177        128        122         49        251        224        250        175        169         97        109        112        241        146         77        204        249        199         90        143         74         79        214        127 
       198        154        212         33         19        207        155         33        159         42        253        162        217        106         27        138         84        133        163        145         43         64        236        146         58        184          4        108        199        175         61        112 
       157         16         41        210        144         32         49        184        226        100         29         37          7        247         16         79        183        118         69          1        218        231        131        137        226        152         90         69        188        253        168         16 
        19        163        229         56        160        155        237        218        172        216         23         15        106         24         86        178        156         42         76        176        197         29        192         44        217        201         85         80         20        168        199        162 
       132        162        184        135         74         72        174        241        168        217        229         38        211          7         73        165        213         54        162        202         13          3        153         56        101        199        165        141        131        199         71         54 
        85         38        179        151         76        113          3         84        214        195        140         22        223        220        121        117         16         64        201        243         44        104        160        176        136         33        153        254        231        128        169        229 
         4         77        218         87         46        231         73        254         82         10        246          5         97        147        224        108         42        194        105        182        246        161        109        201         66        156        237          5        248         50        196        244 
       247        231        165        132        109         47        133        218        238        252        191        240        114        224        122         70        156        110        195        232        147        233         29         26         26        144        232        117        141         28         64        217 
