         6         53         48        151         23         11         36        198        243        241        171        105        175        147        164        187 
       201         97         42        148        222        220        162         93         38        138         15         68        141         73        199        217 
       101        105        185        155        184        188        234        228         81        166        114        138         60        134         16        135 
        70        218         78        177        128         79         25         39        175        215         88        142         78        159        236        153 
       118        130         86         84        231         76        136         31        204        242        108        118        228        172         93        152 
        46        215         30         54        233         54         26         81        240         19        255         63        122        113        206        194 
       229        105         32        236        214         62         56        135         20        232        108        160        236        243         87         60 
        38        199        125        248        107        200          4         41        178        191        160         46         28        179        242        235 
       232        146        242         79        155        103         84         41        208        178         29         63        135        235        250        167 
        20        252         19         80        226        249         10        107         48         76        206         11         86        218        104         80 
       245        107        216        252        186         16        172        212         37         32        171         62         23        231        133        138 
       244        211         62        106        241         54        221        200          0        231         33         92        226        205         28        149 
       141        165         37        197        128        174        208        164         56        172        252         94        243         43        124         73 
        99        145         62        170        146        165         34        165         85        181        238        250        178         16        165        232 
       147        233         75        132         14         71        185         84        234        126        165        100        165         98         47        218 
       204         94        141        184        248        175        239        211         88        118         46         52        174        137         63         99 
        77        181        248         25        233        136        173        238         29        253         56        109         29        156         39        165 
       180        213        190        251        200         89         82        250        163         87         22        199        128        110        217        138 
       253          2        247         62        154         28         32         46         18        175        231         52         87        171         43        121 
        23        159        243        131        249         65        215        251        140         53        125          3         77        140          7        102 
       235        140        146        169         83        247         43         69         26         59         77        192        107        217        239          4 
       228        251        134        105         43        219        172         93        241        220        146        135         12        189        148        158 
       247        153        249          6        137        252        145         20        145         70         17         54         58         24        226        162 
        77         45         65        156        133         71        168        184        244          6        146        139        139         85        249        180 
       198        133         33         90        219         51        252        216        182         91         96         40         72        255        108        222 
       182        194        194        168         82        194        233         17        110        196        214         19        226        118        144        211 
       203         53         72        113         16        187        222        106        200        171        252         79         30        204         86         75 
       190        126        159         56         76        138         63        186        113        230         85        120         98        241         14        234 
       138        156        179        237        117        137        183         79         14        143        173        113          3        211        223        181 
        38        108        166         76         89        205        207          7        229         34        148         34        192         39         46        254 
        36        114        107        113        137        253        157         77        212         33         45        112        203        114        244        222 
        13        209        224        117        152         67        111         98        117         21        158         12        125        106        101        106 
        62         51         53        183         80        119        206         60        226         59        131        229         68         60        113        194 
        90        101        115         32          0        218        135        233         59         31        182        126        126        220        161         78 
       238        236        156        141         13         98        160        225        198        176        125        140        107        234         70        125 
       154        192        185        132        167        101        148          1        159         47        151        136        255          9         92        244 
       209        185          2         43         91         32        198         11         87        179        224        155        126         34         59        131 
        97         43        247         30        167        123         76        233        251        216         26         92        225         66        204         65 
       150        203        212        158        164        230         94        251        230        215        125        210        117        178        242         52 
        29        117         51         92         86         66         53        214         58        244        249        248         11        131        117         84 
       170         96        224        128        136        238         89        106         68         70         18        160         40        149        202         84 
       218        163         83        121         35         93        115         65         70        123        155         31         45        118        120          3 
       198        178        187         57         90        244         57         58        118        109        149        122        189        238        143        202 
        87         54         75        167         28          1         98        141        138         63         88        234        102        155        183         84 
        12        245         43          8        208         85        247         22          1        109        171        137         50        204         10        125 
        41         87         81         65         94         13        245        156        209        138         25        134         30         51         52        171 
       118        138         31         87         93         75        120        137        198        133        164         68        111         30         21          3 
       200        143        211          6        239        124        147        128         62        199          7        241        239        156         96        201 
        75        216         34        143         79        224        204        244         21        176         46        142        244        184        240        154 
        25        255        162        222          4        177        190        248        144        119         48        229        205          2        230        148 
        25        189        240        193         78         24         87        119        197        199        163        224        208          8          4        156 
         1        142         63        135         23        222        132        238        129        229         51        255        173         81        113         76 
       218        250         45          2        227         88         77        126        124        174        216         17        212         22        193        116 
        30         59        253         83        134         51        182        131         84        208        151         80        207         90        147        255 
       138        202        162        176        205        115        182        126        221        222        227        244         46        108         68         32 
       134        219        111        156        208          9         12         64        171        129         67        208        174        192         11        167 
        60        198        232        120         80        158         31         22         54        222         45         19        136        225         57         37 
       189         73         30         87        114        229        113        123        255        254         54        214        217        255        133        171 
        42        254        106          1          9        213         47        130        125         25        190        113         97         70         11        189 
       204         51        209        254        151        134         58        160        174        105         54        146        113        183        138        150 
       225        165          6        181        137        151        182        252         73        134        195        201          7        216         81         97 
       103         55         78        197        134        172         20        160        234        233         87         17          7        147         51         34 
       205        115         68        245         47         17        169        246         17        210        106        192        244        127        105         42 
       255         82        254        147        225        132        118        243        204        193         45        197          5        161        181         70 
         2        239        162        247        118        105        144        101        129         23         37         17         22         41         66        174 
       254         80         85         31        165        245        134         64        181         30        137        191        212        219        249        216 
       134         55         66        149         91        164        184        206        116         80        188         56        101        181        151        101 
       113        115        224         54         41        145        203        143        183        188        154        130         70         98        128        158 
        26         89          5        221         35        116         35        106         33         63        152         79        132         29        248        183 
       132        202        249          4        233         83         58         32         22          0        191         96        131         95         67         87 
        64        237         41        159          4        156        212         93        154         86        229        155         15        164         19        172 
       102        137         97         14        177        236        236        131         56        201        140         24         69        105        225         49 
        36         86         47        140        143        230        219        191         94        190        212        239        182         76         61        210 
       232        143        169        155        204        217        164        119        168        237        146         57         58        164         86        168 
       180         32        241        254        255         19        209         42        102        201         96        145        168        128         90        117 
       156        168        146        238        170        175         78        198         90        147        116        154         24         22        214        190 
       119          6        133         86          1         57         15         11        185         12        180         24         72        250        126         96 
         4         31        212        138        249         32         31        156        192        246         51        141         38         27         87         59 
        49        151         61         61        199        203         62        175        131         98         96        132        148        162        151         40 
       187        181         42        229        154        116         84        239        116        178        220        224         58        245         82         96 
       166        232        178          9        151        167        146         48        159        188        207         18         85         81        228        255 
       252         55        143        205        204         90        167        157         97         54         74         57         48        246        115         65 
       236         47        125        102        255        111         78         66          7        136        223         15         41        233        250        228 
        28        132         23         20         69          8        135         71         48        108        164         64        147         35        168        181 
        29         25        220        157         12        242        130         39         59         53        222        173         89          4          8         55 
       150         91        100        133        185        247        114        163        152        221         28        124        195         85         52        143 
        94        161        141         16        205         62        216         22         15         32         59        118         78        145         65        169 
         7        109         11        247        120        103         26        131        146        205          8        112         12        200        244        246 
       149         11         49        156        242         62        202        123        239        221        179        147         66        225        105        149 
       204         99         89        230        184        154        188        215        196        108        226        124         10        231        230        152 
       239        147         90         91        132        219         19          3        223         41         26        183        233        114        184        246 
       219         58         39         69         64        188        156        150          0        129        253        105        130        143        208         37 
       167        216         45        135        240        103        180        236        102        223        196        250        141         57         36         39 
        92        217        127        123        196          7        106        207        241        177         78         46        125         71        252        185 
        46        160        239        194        251        198         34        182        131          7        116        192         78          9        207        201 
        93        112        117         33         79        210        223        237        185        221        174        199         20         79        156         51 
       175         66        226        215        167        105        152         72        254        174         41        179        205        230         38         79 
        81         49        253        222         36        132        104        156          1        247         80        226        156        154        191        158 
        15        244        162         31        162        172        249        212        209        133        248         97         52         92         50         59 
       103        221         26        127        173        105        220        211        178         56         48         26        174        190        195        249 
       202        215         46        204        134         93        253        223        188        203        139         48        240         25        139         54 
        21         19        204        106         60        198         11         88        119        152          7        189         53        179        191        191 
       246        203        224        159        127         94        226        178        178         21        180        129        147        173         96         77 
        34        155        246         65        109         97        202        203          0        183         38         41         16          6         50        255 
       104         10         11        142        199        118        101         98         71         35        252        183        139        145        115        179 
        32        175         51        136        117        116         63        219         77        216         11        222        118         30        164         56 
       123         84        224        249        183        189        165        193         92        171        230         48        183        178        191        188 
       175        220         66        223         30         78        108         28          1         42         98         40        252        199        178         40 
       148        159         92        240         13         68        231         41         62        211        107         28         50         40        251        239 
        52        152        100        224        247        214        223        107         17         21        182        182         17        239        128         57 
        14        212         45         59         72        122        162         84         65        255         94         92        101        212         34        112 
       239        160        194        250        143         71         24        111        188         54         96        132        163        150        161        185 
       104        227         75         86        236         81         35        208        211        235         21         82         71         33        190        119 
        10         22        230        168        164        207         10        112        201         34        240        238        139        106        174         84 
       253         20         86        128        200        150         52        132        196         25        213        108         30        102        244        114 
       115         16         89          1        101        130        183         38        109         59        176        128        127         33         30        206 
       235        190         15          0        149         62        178        161         22        228         34        155        220        209        105        175 
        86         59        181         13         45        168         63         43        113        133        214        251        213         93          6        124 
        19        170         80         84         77        119         57         27        166        127        115         94         38         43        250        140 
        86         65         11        115         32        137        142         53        169        131         51        104         87        211         68        104 
       152         44        227         66        190        114         11        210        185        229         83        171        167         86         53        156 
       212        199         90          5         85         25         15        126         46        194         35         63        107        140        140          4 
        44         94         48         31        211         16         54        220        134          1        249        206        181        190        145        146 
       223         92        201         29         91        244         25        100        213        249        245         58        203         27         92        132 
       160        122        201        130        154        134          7         75        247        158        115         88         12        131         55         46 
       100        200         66         79         82        162         42        250        165        171        199         31         86          3        187        129 
       189        158        189        225         63         71        159         30         33         72        140        114        122        197        141         65 
       170        101         54        127        241         60        135        166        177         14         17        170         89          6        150        148 
