       238        142        180         78        193         65         73        255        120        182        183         37        124         17         67        170        157        194        172        128         61        187         91        218         19        201        113         69        230        143         23        184 
         6        231        139         81         56        113         82        165         30         15        211        196        114        241         62        226        146         70         37         29         83        154        182         33        128         32        202         57         67        128        200         22 
       212        239        153         90        133         88        221        215        189        211         97         68         71         61         36        144         49         24        127        164          9        142        216        143         96        181        118          5        226         24        201         76 
        35        249          4        129        117        115        255        108        141        159         32        143          9         36        212         70        124         91         43        185         67        179        102         80        198        137          1        131        233         59         12         48 
        52         55        192         28        186        197        151        145        199        251        198         11        230        112         80        166         41        253        242         49        249          1        217        237        159         59        229         62        175         18        107        176 
       155        237        158        114        167        228         35         31        190        167        133          7        170         11        227        177         13        143        207        137         21         58        159        114        216        150         28         37        114         69         49        178 
       254        195        140        155         83        227        141         56        191         72        164        191        155        220        133         28         13        101         71        128         92        163         24        114        140        237         41        101         30         43        166         12 
       114         48        169        125         65          1        133        102        131        254         25        206         69        195        143         75         77        162         78        189        115         54         65         17         14         87        181        148        176        117         13        216 
       211         82        135        170          7        189          1          1        139         14        243         63         39         23        251        130         69        182        247        160        181        181        234        229        209        209        204        194        146         94        248         29 
       213         93         99        200        154        253        148         90         28         39        109        141         56         70        252         37        141        227        244         10         66        245        133        121         65          4         83        204        252        165        115        140 
        14        235         93        246        251        145        167        117        243         60          9        203        156         15        202         35         92         87        237        135        224         53        250         53        211        208          9         64        234        167        168        158 
       175        118         87        211        147        186         77        166        182        216         71         77        137        121        255        159        225        217         33        221        146        253        203         80        139        248        154         99         22        136        168        173 
       100         82        138         17         30        138        207         26        160        113        250         16        105         68        117        157         35        241        154        132        188        125         59        135         51         96        228         40        172        190        230        145 
        85         42        204         97         11        205         25         29        196        243         13          8        129         54         65        160         99         63        228         33         58         81        194         64        216        186         49        209        153        174        165        159 
        88         51        226         41         23        189        144         49        245        159        194        244        206         57        147        155        186        209         30        242         39        160        121         48        116         93         14        129        241         30        225         90 
        33        217         26        101        232        173        249        104         80        253        139        157        254        166        106         35        226        216         31        129        120        128         10         93        126        102        191        201        217        218        111         91 
        13        217         73         10         55        127         11        190        205        132        249        191        180        150        176        244         36         56        253         30        198        183         98        152        186         89         99        255        187          3        163        202 
       205         30         78         66        209         21        249        245        151        185         85        106         24        185         46        114        104        229        183         75         11         76         86         22        164         70         42        110        139        220        228         87 
       219          5        164         81        195         25        241        194         54         30        230         70         88        225         10        209        162         98        249         38         60         38        232        130         98        105        216         64        146        197         51        108 
        52        134         46         97         18         17        104         28         40        244         99         55         68         51         60        176        154         96         37        149         19        138        143        162         14        132         76        161         97         66         47         29 
       237        130        236        222         63        204         14        134        242        253         55          8        216        139        250        187         96        134        118         94          5        120        158         98        198        251        226         86        248        183         28          4 
        14          4        184        131         27         58         90        136        235         57        158         36        211         31        248         26        148          2        120        115         42          7        162        143        175         31        189        205         55         37         32         53 
        81        247        249        122        221        141         32        130         10        236         40         79         48         33        166        190        243        151        240        235        137        117          2        218        239        204        174        160        162        116        242        152 
        61        158        191        130        194        203        243         65          3        167        125         32          7        171        237         12        101         20        121         26        191        111        130        133        167         34        106        207        193         78        178         82 
       177         17        189         16         64         54        223        179         60          7        206        174        123        234        117         35         73        180         43         55        144         61        171        207        167         69          0        206         68        218        155        190 
       228        208        107        177        202         53          9         19         39        114         80         38         31        183        113        200        136        106        114        201         67        102        178        106         32        227         11         89         73         19         71        219 
       227        137        160        225        155        193        204        166        210        229         57        111        151        192        232        182        251         39        246        176         52          2        185          5         82        131        251         65         70          4         81        135 
        97         38        173        123         50         51         76         44          0        186         48         26        215        122        114         39         38        207        209         69        110        214         64        224        224        242        250        213         49        166        102         91 
       206        129         22          7        217        174        218        201        119          6         14        160         36         63        120        174        208         21        135        244         90        245        167        182        237         49        110        146          0        208        115         92 
       131         20        165         26         85        157        123        182         26        197         31         58         39        112        210        114        239        191        221        185         14        253        107        241        225        220        135        187         74        176        193         20 
       255         42        185         38        245        220         55        148        201        204         37        202        233         26         58        111        205         14         39          8        201        241         14        162         91         90         52        219        149         12         89          6 
       117         26        145        194        250        205        130         41         16        141        191        241         90         31         95         70        161         68         33        233         64         18        250        229        115        112        157        245        172        220        225        136 
       127         72         74        251        135        102        114         41        218        154         31        245        188        203        169        102        240        214         18         62         37        145         43         64        226         84        123          1         54        115        170          8 
        63         59        132        189         13        161        199         77         21        118         66         53        201         96        217        103        182        236        193         97        158        155        250        189        125         50        235         88        183        152        244         97 
        36         77        137        159        190        195         77        231        104        101        155        230         81         57        151        105          6        113         14        120         64         89        251         17        219         29        251         29        148         63        238         86 
       249        128         43          5        117        140        204         54         73         15        249        173        134        165         59        225        137        176        101         18        128        126        190        147        194        236        152        247        228         10         33        241 
       237         20         61        239        107         75        234        218        156         27        234        204        233         33        158        220        204        164        121        170        227        227        170         25         53         51        157        201        143         60        111        211 
       176        214        133        135        134        255         60        139        113         54         34        183         99         48        251        163        117        131         66        116         27         42        181         63         98        231         27          2         51        154        216        100 
       166        129        148         77        178        142         60         59         82        162        227         83         66        234        168        251         10        195        135         58         58        191        126          1         76         54         68        108         58        231        233        204 
        18        210         87        131        255        195         50        167        220        163         64        244        240        153         65        130         11         70        195        141        186         32          2        202         64        171        183        245         90        134        190        154 
       157         44        143         28         44        236         89        236        194        239        205        188         72        159         75         83         80        129         54        191        149        252        186          5         87          5         55        232        127        105         79        121 
       176        185        108         29        103         24         29         89        165        136         18        235         27        254        129          1        229        228        176        165        138         43         53        248        108        150         65         46        169         24        195        236 
       146         65        140         99        125         16        170         76        241        146        148         29        130        214        122        253         56        154        143         72         13         89         71        165        160         52        241        182        108        194         92        248 
       120        229         47         82        107        156          1        162         99         74        146        110         55        107         84        249        183          9        141          3        237        146        251         23        150        138        255          4        147        156        173        124 
        46          7        247        236         33        165        105         75        197          6        129         36        108        101         56        160        253        122        113        149        142         65         42        166         92         38        226        142         93        254        203        179 
       156         55          8        207         71          4         37          0        221         86        154        108         41         40         10        100        249        219         68        185         22        218        119         47         55         11        211        105        181        108        101        169 
        74        200        138        188         57         49         23         46        131        137        252        196        183        209        115        176        234        233         77         80        115        175        126        171        209         14        155        125         25        215         59         57 
       188        151        154        226         91        187        178        119        149         29        105        182        160        207        179         59         74        241        174        230        100        214        176        169         87         88        151        118          1        220         28        196 
       216         46        140        243        120        188        217        120          3        235        201        234        144         19        141         92         85        236        230        243        202         95        134        187          4         40         32         73        200         20         83         90 
        99        228        206        245          5         56        173         99         92        118        158         89        219         46         24         17        145         15        100         47        130        211         30         99          4        185         24        207        161         67         78        208 
       238         78         27        223        169         62        143        185         47        159          5         18         25        150        188         67         60        172         93        222        119        180        117        224        128         77         45        144         54        223        174        160 
       187        134         18        231        190        172        155        234        108        231        202        185         23        171         64         41         19        125        147         71        176         26        207         11        106         63        209        226         90         49        244        191 
        43         34         22        218        222        204         66         16         45        101         42        187        129        101         27        142        196        174        179        198        119        253        214         44          9        120        201         35         97         20        239        182 
        90         24         20        223        213          7        177        140         28        193         27        100         92        226         31        130         34         55        190        166         41        194        149        157         89        168         23         45        121        160        179         88 
       208        235        134         11        198         39         11         49        198        152         98         39          3         56        213         17        116         97        192         27        234        215        238         26        204         24        201         99        158         62        152        173 
       155         94        210        211         30        181        174         11        166         67        109         33        112        255         66         89         53        122         84        137        164        238        193        214        154         28        201        187        167        140        157        248 
        47        244        154        122         99         74        253         82        209        213          8        146        109        254        108         16         34        166         98        229        252         35         97        225        230        216        208        196        225        188        141        127 
       100        225        104          6        252        231        200         97        135        134         89         10        109        249        158         24        147        154        233        111        187        134          0        207        232        148         49         89         46        158        157          3 
       240         11        217        147        102          0        169        170         19          9        115        164         46         65        195        232        149        220        220        171        189         28        135         59        139        180        167         53         19        134        174         98 
        44         49        197         25         35         83         62         24        117        185        178        151        213        128        196        211         75        207        160        168        167        230        235        241          0         70        102         56        184         19         53        168 
        98        247         95        160         55        197        188        192        236        112         44         95          4        137        251         77        221        206        175          0        162         58        135        249        181        219        209        114        131         86        104         78 
        77         24        147        235         18         13        107        202        162        239         14         88        153         43        144        250        195         93        203        252         73        109        186         38        146         54        220         49        231        111        190        217 
       236        171        184        171        242         71        130        201        135          8        145        147         83        191         82        150        228         28         26        212        177        240         13         96        175        195        154         20         42        219         10         67 
       121        200         16        116         99        110        146        128         58        238         17         61         17         63         33         36         54        168        253        244        254        202         64         16        209        184        252        231         97        127         60         87 
       121        202        231        110         28         37        157         70        155        237         39         45        173        179        233        162         65         88        168          8         96        223         62         79        146        209         83        101        146        121        155        224 
       109         87         58        162        192        252         29        165         35         52          0         52         95        219        200        143        116        227        146         77        203        112        205         41         91        101        139         54        143        226        134         51 
       218         27        200        207         51        193        125        202        151        180        177        245         60         99        139         56        236         15        176        116        122         28        226         23         16         53         33        104        211        179         82         14 
        37         41        237          7        166        158          8         83        226        200         98        120        111        172         57        111         76        234        169         87        142         25        199         57         24        117         51        168        216        116         89        108 
       126        126        142        161        174        224        234         47        191        222        238         87        225        196        149        130        207        186         70        156        214        130         80        147        150        248         64        213        135        218        120        167 
       151         96        138        121        165         56        104        189        180        249         12        239         75        143         27        227        224         63        180        237        145        174        195        117        184        207        144        177        229        133        101         41 
        49        160         46         14         25        124        189        227        157        179        196        230         55        250         82        191        103          6        107         85        203        207         60         86        187        185        210         47        114        229         27         94 
       169         11        218        126        182        238        126         59         84         26          7        173        235        183         35        161        102        215         48        103         30        181        158        105        148        235        136         40         93         64        219         93 
       150         78         86        205        238         61        255        231        155        217         22        236        167        109         52        147         68        124        137         46         72        240         91        194         60        194         79          2        191         48        197         94 
        75        159         57        245         33        164        197         91        115        151        154         49         90        190        235        181        118        116        117        184        238        191        129         39         36         91        192        144        167        198         73        183 
       160        244        156        244        107        240        219        136        219        228         82        201        123        183        163        145        225        150         62        195         33         88         87         39        141        139        172        207        212        187        219        137 
        89        107         83        103         31         32        147        111        130        104        121        114        185         23        109         43         44         39         58         75        111        251        231         38        193         77         16        201        163        221        101        159 
        88         52        113        126        245        162         51        121         59         26        228        242         94        176        157         80         20        250        202        116         84         84        192         81        215         96        136         45          4        131        149        157 
       173        104        194        107        160        153        150         86        189          8         10         48        136        219        149        131        143        254        156        176        161        137        137        247        189         81         54        194        166        143        199         38 
        57         77         51        248        152        195        228        151        182         24        161         47        187         35        205        193        120        250         18        245         28         96        160         31        229        227        181        202        118        222         73         56 
       230         11        198         90        247         39         68         29        163        114        201         81        137        169          9         84        246         62         94        139        246        210        242        250        160        197         57        185         96        179        235         34 
       125        125         50        198        161        249        154        125        239         29        169         16          3         21        163         30        240        252         10        204        203         81        137         19        202        251        220        238         45         42        106         22 
       198        167        223        232         73        177         27        122        220        211         56         46        121        228         90         16        146         56        193        130        140         18         21        236        153        134        120        219        180         63        173         97 
       224        176        252         27        137        246        116        199        243         93         67        171        134        102         55        102         22         30         42        243        112        188        118         60        128        176        115        139        149        147         85        182 
       120        154         91        221        204        225        230        171        108        138        136         60         50        203         40        244         42        166         43        245         88        142          8         54         25        161         56        114        223        209        192        117 
       185         39         25         56         81        105         17        209          6        205         46        191        205        235        226         49        249        192         13        224         29        250        255        195         66        138        227        254        113        102        159        208 
        40         38        123         95         41         40         95         59        225        169        174        166        126        223         92        211        101         63        160         97         37        237        128        126        145        252        237        180         28        207         72        103 
       231        171         42        129         75        151        135        125        217         54        135        229         96         22        253        213         73        153         71         74         70         90         40        131        149        103        160         42        166        135         77        250 
       163        172        254        162        220        202        210        162        221        253        103        179        238        110         28         86        120        204         45         26        156         84         98         62        194        133         93        134         16        208        118        124 
        52        246         39        189         51        119        126         81        254        166         15         60         17         96        224         86        183        177        157        218        206        105        146         84          6         92         66        191        188        134        235        184 
       110         15        166         48        156        116        224        107        178        161        163        204        210        168         86        160        138         17        117        192        173         34          3        225        175        204        215        203        162        199         14        237 
       225        183         95        212         46         60        178         75         79         12        134         52         11        105        111        124        242        251          5        131        109        126        111        196        222         73        187        179          5        158          6        253 
       124         18         41         66        250         54        128        182          5         89        172        211        200        173        154        169        177        224        163         39         60          0        209        212         69        105        237         25         26         86         40         34 
       112        110        178        164         74        141        121          0        147         22         20          9         50        232        255        136        236        134        167         42          4        174        118        143        249         99        171        117        220        128          0        255 
       148         13        194        157        208        115         68        161        134         59          1        168         83         90         20        155         85         71        221         62        146        161        102        183        124        255         79        102        209        211        105        143 
        74        201         76        212         84          2         31        225        234        242        251        198         62        143        127        152         10         31        252         67         45        113        229        113        240         51        144        159        218        206         33          8 
       194        242        150        128        218         64         97        124        139        224         49         69        203        234        191        204        148        206        253        156        172          1        150        219        104        115        167         34         97        199         33        210 
       120        209          4         54        141        239         56        193        253        118        235         39        116        158          3        146        190        206        236        105        242        207         15        195        174        116        190         33        124        171        239        215 
       160        200        249        238        134        244        133        249         21        203        164         74         57        227        209         32         81        193          3        238         58        209        123        142        254        175         30        143        174         19         34         45 
       146         79         40         18        142        179        154        154         22        193         36         75        205        221        154        176         94        226         35        112         51        153          4         86         61        173        129        133        143         30         98        238 
         0        114        194        130        123        233         53         52        112         81         27        169         16          6         30         32         93        188        222        171        205         71         30         52         76         63        220         83        106          6        119        132 
       165        121         56         17        157         30        202        130        179        204         74          7        131         42         13         57        197        241        119          9        255         47        231        164         54         42         76        100         47        187        178         28 
        61          5        131         87         98        143        227         62          1        204        122         85        141         45        236        133        188        215        201        122        242        234        100        204        243         20         91         88         72        181        204        188 
       204         60         54        252         90         20        102        182        102        122         80         56         58         55        225        152        124        214         60        102        227        241         43        150        106        244         75         36         98        100         71         13 
        75        141         48         24         51        149        122        226         69         82        166        164        129        107        117         91        204        233         36        225        149         64        209        222         56        238        228        253        227        157         51        122 
       154         46        119        242        190        246         24        149        113        132        186         50        116        197         29        198        141         29        223        238         53         56         22        202        146        226         95        239        224        243         82         45 
       122        184         64        113        235        118        174         68        230        146        180        223        215         77        131         47        142        134         97        120        213         29        113         58        145        118        101        245        233          0        152        191 
        94        148        180        107        233         28         36         80        219        246        120         86         78         12         97         57          4        162        148        186        218        251        205         66         88        211         92        151         75         72        147        255 
       250        117         69        123        178        106         91        222         33         52        240          6         66        211         77        246        221        116         93        139         52          6         86         13         50        244        153        132        205         80         99        203 
       176        196        221        107         31        199        125         71         93        166         97        187        244        254         56        249        168         54         69        177        128         87         77        112        255        116        228         68        211        192         73        223 
       235        227        126        141         88         69        217        251         49          9         62        201         84        199         77         87        144        228        218         62        105        207        151        236        181        232        159         51          9        255        235        121 
       104        127        152        219         15        197        129         29         78         77         16          2        117         56         49        191        247        223         94         93        101         40        130        139         46        222        132         17        117        219        108        172 
       146        154        251        231         91        186        212        253        249        148        181         15        222         83        184         86        144         84        177         74        168        105        223        231         81        196        246        136        207         43         49        229 
       216        159         53         36        217        236          3        177        171         23          4         85        220        239        133         37         75          1         40        187         49        149        177          9        177        253         51        215        145        170        169        190 
        56        118        130        130        164         56        119        194        143        228         27         12         90        218        233         59        113        106        111         99        239          5         47         26        230        230         90         90        226        250          6         78 
       235        223        157        224         59        175        204        153         94        174         69        157        202         45        231        150         85        227         24        191         16         98         17         16        218        146        100        186        250         40         34         88 
       156        225        216         57         73        195        255          3        250        221        201        207        210         89        148        230        161         21         69         71        128        139         79        237         54        254        161        149        103        162        188        162 
       216        132         60          5        195        125          4        113        155        135        162         38        100        246         73         57        210         16        154        247        223         96         79         23        190        233          5        102        181         56        255         23 
        62        135         85        115        204        113        167          4        249        170        103        109          3        110         50        184        244        132         16          4        150         75         44         66         94        252        200        151         70        109        221        199 
       127         40         26        220        138        255         70        250        142        105         36        253         55        224        167        230        237         23        110         19        164        128        206        163        255        208         31        194        117          7        190        121 
       191        165        112        251        246         32         68        136        217        184        179        165         54        144        215         42        129         92        163        173        168          2         33        208         66         76        101        184         93        154        129         83 
       207        199        185        173        157        155          6        247        178        173         63         38         69         96        110        213        152         15         76         18         32         60        130         73        140         31         14        197         95        229        152        209 
       119         55        142         59        111        164          5        154        136        210        206        220        240         97        241         96        180        161        114         16         58        207        178          0        221        153        192        246         53         75        197        200 
         8         14         31         72        254        113         11        117        172        149         99        247        225        174        160         57        130        109         42        227        192        162        196        187        243        206        154        163        255        219         73        194 
       160         55         39         88        137        145        208        115         10        149        183        231        176        196        146         71        187         22         68        132        187        112        212        133          5        111          2        191         38         97        141        191 
       233        151         25         78        184         75         67        131        124        158         50        163        184        160        142        221        223         94        223        223        209        208        148        254         45         47        136         54        226        220         74        163 
        62        210         82         18        251         65        108        187        152         74        102        210        111        194        153        157        215        170         49        108        210         27        180        109          4        161        227         73        132         44        149         11 
       104        197         18        168        197          2        211         83        232        219          2         41         47        163         52         76        125        236        228        232         16        167        209        116         22         29         90        229        143        194         27         11 
        90        203         84        171         76         10         11         37        192        244        242        249        188         76         26         39        136        144         60        150         93        147         40        112         46        223         36        199         86         69         67         12 
       244        235        195        230         60        192         96         31        252        224        113        252         12         28        195         89        153        245        205         56         53        114         89        244         45        202         93        154         51         48        236        177 
       119         96         92        204          4        191         34        229        194        113        158         87          3         47        212         93         16        149         25        250        214         63        196          8        151         11        169         50         93        199        140         21 
        88        236        115         64         50         32         60        136        237         45        204         57         32         73        161        241        221        167        150        135        167         47        157         51         31        170        155        147         55        200        107        240 
       134         30        219        176         13        125        145        184         43        150        223         17        218        116        187         37        164         84         66         69        126        236        223         69          9        126         88         93        143         53         69        135 
        35        174         14          1         14         25         59          5        198        240        236        160         87         56        178        188         64          1        131         65        135         51        151         36         15        219         89        154          3        197         84        229 
        85         22        225        207         11         34        251        197        190        187        247         95        201        223        221         19         23         59        221         50        182        124        252         23         52        131        112        127         47        106        201        242 
       117        236        217        139         39        157        159         16        123        167         60        126        238        236        153        188        187         42         39        165        147         41         45         78         23         60        194        131        237        230         31        140 
        43        119         40         95        240        111        249        101        255        190          0        200        126         56        180         69        202        154         66        222        213         97        100          4        173        196         77         37        221        184         72         13 
        21         18        128         35        200         86        116        223         74        190         49        231        131        141         26        238         85        175         58        224         61          4         23        124        224         31        106          5        151         68         25        234 
        37        136        152        252        182         16        244         19        164        172         26        168        142        213        170         83        109        254        251         58        208         94        127          5        232        164         78        221         17         50         43         31 
       116        172        238          1         60         12        206         54        113        180         25        253        201        234         67        156         97        158         10        249        239         87        140        108        185        251        232         50        134        211        112          9 
       184         98        131        205         62        233        122         29         96        202        203         95        153        165        203        221         47         55        133         55        214        187        226        132        197         49        141        108         66         91        143         93 
        12         52         99        139        179        250         14         78        140          8        140         17        177         11        166        163        170         98        137        171         22         26         90        247         26        101        163        229        247         30        243        142 
       212        253        122         89         92         64        246        236         60        114        172        144        188         86        227        170        198         83        239         12         88         69         95         13         51        208         51         74         36        226        156        137 
        19        193        217        115        231         46         20         82        170         37         86         49        233        253         71        141        149         92         65        189        143        144        254        147          5        204        114        221         45        220         85         41 
       132        140         13         26        100        101        211        209         98        120        194        124         64        209        210         14        116        199         60        133        244         66        150         78        189         55        231         47        182        130         65        124 
       100        108        198        112         58        183         91        160        183         64        242        128        231        245        244        242        118        178        239        239        214         27         67        198        157        146          8        213        172        135        166        112 
       154         81        254        126          4         89        222        161        221        154        120        142         71        178          3        136        118        243        113        193         53         45        176        187        102        187         27        232        190        111        164         54 
       117        144         66         83        112        237         63         64        107        157        120        147         84        175         81         33        252         92         24        176        126        176         72        198        187        208         79         30        111         85        229         95 
        96        121        200        166        116        113        177        121         11         98        213         31         37          4         40         19        219        217        216        223        140        214         59        188         66         63        216        100        231        175        172        231 
       212        122         41         20        233         85        171        251         91        114        152        201         34        128        167        206         86         95        123         33        210        148        185         68        198        144        112         96        114         84         53        221 
        35        139         32        247        237        205        120        164         21         61        232        232        175        208        199        247          8         35         33         75         59        201        119         26          5        117        211        206          8        244        160        238 
       217        230        128        206         34        180        148         68          1          5        120         90        220         63        202        227        122        244         96          9        215         95        211        171        120         10        137         77        140          9        216         92 
       177        185        180          5        146         64        209        181        197         77         49        249         78          3         91        250        189        243        249         51         30         45         54        193         66         88        222         28         35        252         74         34 
        40        102         72        153        101        148         88        100          0         85        176         15         48        131        217         48        101        229        226        238        148          2        150        207        200        113         29        106         43        132         58        159 
        65        178         72        205         78        130        140         65        154        187        186        130        242         18        227         70         49        199        233         89        244        110         31        196         27        201        183        242        237        116        135        186 
       150        161         23        209         51        110        158         88        250         23         86         35        215        203        189        190         91        254        122        163        184         51         76         78        205        211         81        182        136         53        142        198 
        26        146        242          7          1        104        132        173        160          7        176         94        108        225         99         19         82        133        163        128         74        184        193        239        205         51        108        188         14         48        198          5 
        90         51         61        142        142        101         55         49          4         69         70        251        231         84         52        142         69         42        159        232        152         49        218         18          3        148        143        139         47         78        144         92 
       137        117        121        221        211        182        102         80        232         44         26        212        116        107        209        158        212        207        225        176         29        182        134         21        141         60         68        254        177         80        190        124 
       100         72        105          0        108        185        169         16        126         54        218        194         47        109        111        168         84        213        251        194        111         14        220        105        121        197         74        169        249        135          5         19 
       241         33        103        164        182        138        210        134        253        236        232        245         59        132         75         50        224          0         18         42        123        216         72        210        153         47         80        153         78         47        192        151 
        18        213         68         81         21        212        221         22        253        128         27        207        249        221        162         36         84        206        181        105         29         73         75          0          0        226        194        153         66        175         34         96 
       149        132         18        221        147          9         96         14        126        177         81          2        152        191         55          1         85        217          7        253        247        152        133        203         25          6         10         66          6        118        155        180 
       217         36        239          3        224        117         98        163        245         79        118        189         38        143        247         57         22        137          6        110         56        171         76         38        239        250         89        154         48        132        202         70 
       183        144         16        225        171        248         53        123        102        247        197         35        199         95        141        217          5         36        160        190         89        248        253         62         61         80        244        238        143         10        169        188 
         2        131        181         95        249         37         30        130        108         75        196        204         34         61        136         96        236        128        167         63         10        187        106        143        160         42        241        168         39        203         22         57 
       122        129        229         88         43        246         99          6         35        211         55        252         64        205         40        150        148        248        207         56         57        142         16         75         33        235        254        118        101        176        139         54 
       149        218        181        135         81        161        107        157         39         66        127         62        191         23        180         45         72        251        200         30         69        173         81         33         86        206          1         57         13        135         23        107 
       194        156        100        192        120        194        219         38        221        202        145        253          3         36         26        154          1         40        153        176        110        252        113        134         64        118        106        172        168        243        184        240 
        66         26        143         61        140        200         71        135        188        183         75        163        161        223        106        155        181        194        213        109          5         17        143         92        225        193         15        110        209        195         56        102 
       129        241        122        140        232         99        132        133         42        130         21        186         89        230        120        218        165         74         97        141         73        141         86         74         89        187        115        143        157        132        175         31 
        66        180        254        219        148        216        206        192        108         71        171         59        206        180        142         86         39        102        151        240        138        149        122        234        198        170         79         48         20         73        247        159 
       115        134          9         33        180         65          5        179        164         18        116         98        254        244         49        158        116        107        159         94         76        102        206        160        154         51         48         10        193        191         24         68 
       179        237         86        111        165        253         25         24        105        152         35        126         98        228         88         62        141        172         51        253        122        152        187        181          5        142        159        221        140        252         23        216 
        80        191        178         11        152        132        169        243        100         97        149        139        222        151         76         87        119         17          4        208        102         48        236         36         80        215        218         76        176        104        139        160 
        84        162        126        182        111        207        172         30         75        175        163        236        109        103          6         52        136         24         18         78         38         24         13        174         80        192        229         43        116         81        228         79 
       120         77         14        233         71         70         13        106         48         68        242        111        133        160         40        114        246         32        107         93        191         92        243         90        104        196        101        102         49         41         60        151 
        81        210         82        151         89        179         13         65        126         14        148        201         98        243         15          0         88         34        191        145        252        244        100        123         41         13        159        235        159         84          7         67 
        20        160          8        132        142        174         52        211        197        103         63         82        189        134        196          9         31        198         82         72         36         32        104         36         81        172        253        154        226         63        245         12 
        21         31        103         35         13         81         44        137        182         70        127        177         76        236        223        142        213         76        106         22         23        149        100         98        154        222         92        179        157        180        126        132 
         8          1         28        212        152        108        145        129        170         54        241         62          3        157         32          9        130        146        141        191        192         63        249        110         64         72         49        163         83        225         16         52 
        48        110        210        109        180          0        210         90         95        167         77        136        190        175        253        156         77        216         37         39        221        210        103        239        122        203         15        171        131        219        134        218 
       255        142        132        213         67        224        126        169         65        179         84        151         40         68        101         69        148         93        250        119         87         54         70        199         47         72         21         36          8        152         86        118 
       129         71        122        102        128        190         25          5        140        198        240        103         15         36         84        138        128        235         71         74        158         35         21        119         36        165         35         22         73        159         54        141 
        13         17        118        204        114        116         28        139        186        127        189         90         10         10        162        106        140        108        109        173        215         36        210        150        231         42        204         36        134        129          5        236 
       163         96        149        163        106        179        153        142        186         90         65        198        202        203        241        130         18         22        145         97        190          4        112        186        121        230        244         17        151        241         75         95 
       154         52         41        196        114         77         50        232         30         95         54         56         30         21        223        110        206        130        102         55        139        241        144        150        149         10        216        198         16        213        169        254 
       105        162        151        242        195        141        249        142        225         61         19        244         17         55         31        115        164         40        208        105        158        204        104        194        119        141        179         37        210        167        102         53 
       237        130         64        202        162        192        174        165        143        135        117        187         35         37        102         76         73        125          2        146        173        182          5         50        132        110         52        223        213        233        234        122 
       231        123         64        246         24        178        193         86        240        237        145         74        142         70        140         31        168        148        168        217         94        190        124         97        132         79         82        183        245         97        158         53 
        14        112         14         31         16        211        197         94        221        162        129        118         84        178        137        114        168        129        197        138         86         88        117         99        102        226        129         27        156        254        165         30 
        36         49         69         22        234        198         80        218        174        213         12        126        204        128        190        249         97        157        232          7         36        243        222          7        226        132        162        192        158        180         12         37 
        31         10        126        219         98        244        137         13        147        149         54        133        103         11        177         21        203        250        151        210         25        208        236         89        151        208        224         83        240        191         36        135 
       125        161         24         95         96         63         96        217        248        108         51        163        211         14        215        169        192         38         81        113        146        185        182         47        217        163         74        146         28        104         61         14 
       223        185         52         52         66        223         76        244        217         87        210        242        243         57        105        182         84         87         37        215        130         85         16        130        152        172        249         53        255        141         98          5 
       134        244         93        108        103        102        202        158        218         31        190        236        115         78         64        239         91        134         55        234        243        114        227        176         15         46        215        114          6        251         47        185 
       218        201         11         20         11        225          1         87        136        205        227        184         56         37        191         75         41         64        128         93        196        223        186         39        206        126          2        220        166         22         42         58 
       150         61        138        244        104        132        169         25        178          0        235        167        255        135        101        224         19        236        244         96         57        143        132        244          9        161         14        243        198        180        203        146 
       198        146        190         60        239         71        135        166        104         22        215        226         63         65        141        108        135         93         98         16         69        237        127        101        107         82        231        146         23        180        115        242 
       250        201        124         90        194        244        248         22         11        162         52        101         24         14         57         26         91         66         71        116         52          6         30        224        165         29        131        186        126         20         86        163 
        49        141         32         34         94          6         73        182        241        220        137        208        108         31        112        168         27        154        119         95        249        104        158         19        107        156        190        137        212         93        228        110 
       152         98        214         50        214        149         53        212         89        249        187        238         59        245        209        188        139         72        140        121         44        207         33        103        242         56        242        137        115         53         36        213 
       238         62        198        101        121        141        180        184        233        197        120        201        101        196        214        114        171        112        136        203         12         92         28         91        219        204         47        217        155        231         83         67 
       153        172        130        187        216         12        125        112        128         77        225         73         95         59        130        181        180         40        176        172          0        239        254        103        102         67        116        194        123        243        132          5 
       246        220        159        214        221         81        224         82         13        203        221         92        141         18         27        152        194         24         28         88         49         35        105         17          1         35        132        198        248        183        115        105 
       161        148          9         35        217        217         76         67        228        250        116         65          6        144        137        197        125         77        240         69        255        173         82          4        224         57          5        237         29         96        130        101 
       175         61        183        157        125        144        243         54        138        160        207        175        103         76        154        198        155        240         65         17        168        225          7        205          8        199        187        110        208        198        234        161 
       106        222        130         71        113        213        197        155        198        194        148        163        108          2        154         65        125         39        173        105        111         34          7        135         64        217        118        104        241        183        219        198 
        66        149         84         40         19        156        176        247        249        120        121        135        232        122         32        208        235        172        239         15        155        122        201         82         19        218        119        172        187         29         43        219 
        62         72        242        108         10        156        210         99        146         78         17        150        154         39        189        199        235        217        223         12        198         45        171        170         95        126        211         55         45        243         79         67 
        86         52         26        174         19         39        114        138         77         49         90         60          9        206        201        241        143         84        179        171        202         83        152          1        218        214        109        171        172        246        181         60 
       214         12         97        142         94        212         48        171        100         37        139        255         71        220         40        189         44         82         11        237        220         31         31        221        218        109         13        165        140         74         22        126 
        50        207        103        135         69         79        110         55        104         42         30        136         45        213        127        173         16        232        111         30        239         64        161         88        136        122        167        212        128         83        101         44 
        56         18        244        152         29        233        140         98         70        236         56         55         20        227        136         79        143         77         26        123        131          1        123        172         39        209        134         57        243         88         84         98 
       243         65         99        255        125         17        161        158        130         80         18        147         74        111         12        197        139        110        175         81         19         69         34        253         19         10        182        236         33        188        124        172 
        38        150        128         73        235        187        169         34        199        176         41        203        195         46        199        123         32         10        180         21         27        237          6         72        254         27         61         58          6         11          2         16 
        30         25        122        223         30         83        196        219        195         24        131        112        245        194        179        232         21        124        247        104        120          4         44        147        240         29        202        136        168        139        102         22 
        10        139        179        204        143        219        170         68         64        176        159        123         82        129        138        127        168          2         54        193         94        131         73        176        182        137        245         73         93        234         86         17 
       223         97          6        187        144         62        161         55         26        237         58         19        107         21         54         19        241        212        239        161         60        151        133        161         97         56        165         17        214        221         37        217 
        60         91          0         68         58        204         37        181         52        139        165         39         32        222        239        214        204         53        139         60        225        123          5        243        179        233         19         12         35        153         82        132 
       203         24        225        120        108         45          3         18         79        180        218          1         46        135        246         54        133         78         76        241        231        210        232        245        154        125         35         89         25         81         26        159 
        36        221        207        181        123          5         71        154         70        242         82         86        117        146        139        139         31        242        231         16        188        251        136        193        160        131        167         85        116         21        244        248 
       194        193          2        151         54        216        154        183        127        124        219        156         35         57         48        229          8        131        239        205         20         14        132        103        159         55        178        248         59        220        209        215 
       138        105         17         58        116        208        171         29        247        255         93        234        201        174        157         17        210        248        185        201        168        180         72        162         23        240         24         30        225        150        206         64 
        93        106         91        200         47        168        253        110        125        238         88        240         57         75        234        208        171        153         66        175        233        122         46         43        155        128        139        146          5        241        240        235 
        59        188         34         70        102         36        213         63        246         22        183         71        200        233         22         46         93         62        251         90        107         49        145        220         22        221        214         43        195        141        208          0 
       190        181         11         14         90          0        116         57        155        144         97        201          5         99        230        135         16         34         67        109         59        248         25         40        121        200        224        156         47        139        244        222 
       152        240        162        172        142        143         36         92          2         33        103         43         85         62        201        119        164        254        154        249          2         96        183         63        190        193        158         28        211         34         90         93 
       222        134        200        134         79        100        109        153        222        177        242         59         68          9        165        253         80        232        142          9        107        241        249        198         65         18        170        153        171          0        245        142 
        53        209        231        206         70         48        183         32        211        129         57        145        211          9        248         34        154        218        210         93        219         80         70         41        158        151        164         36        242        189         81        175 
       226        195        232        131        141         33        248         33        239        181        254        142        255        160        102        128         61         56        241         56         63        113        139         95        170         75        129         75        167        139         90        223 
        32         76         26        208         31         67        208         35         56         97        206        126        193         56         32        135        218        250         28        243         33         56        209        210        170         84          5        160         72        194        172         89 
       156        136        204        231        104        255        214         99        212         52         69        105        252         63        180         65        217         23        103        235         88         16        190         44         52         33        116         55        152         68        182        172 
        83         56        235        193         71        234        190         46         11        222         35        131        142        121        115        108        184        171        197         20         92        176        244        246        167        230         32         66         58         70        230        178 
       219        139         50         19         62        134        221        105        145         68         71         94        211         66         55        183         35        110          6         63         74        154        114         58        177        179          9         33         12        254         95        181 
        11        145          6        106         77        182         84        131        144        195         71          6         90         11         95        252         79         69        172         55         17        184          4        179        230          0         39         80        113        176        143        125 
        49        233          6          1         14        115        133         14        164         84        157        142        233         90         74         72        249         12         71        106        121        227         50        105         88        155        225         36         45        191         63        184 
       173        245        147        142        179         47         44         59        201          3          0         56        221         17        248        180        154        232        110        229        179         95         60        195        179        150          6         79        110         19         46        136 
       202        245         75         88        230        249        107        167        224        194         83        207        167        174         56        152        254        252        115        105        160        101        180        163        148         47        237        131         77        169          7        107 
       236         57         68         20        104        196        202        133        176        146        100         84        218         97         46        211        249        224        113        122         79        255         55         20         22        142        126        249         80        252        198        161 
       232         45        113        201          0         26        121        130        115        102        214         12        240        115        219        125         28        164        188        122        119        249        214        156        196        210        164        187        178        219         74         78 
        30        213        172        114        115        249        207         87         80        159        201         27        155         62        190        215         28        125        148        109         72        120        224         91        235        107        207        189         80        249        135        126 
       119         48         39         76        228         54        222        117        129        141         86        204        235        209        139        203        183        185        196        211        199        106        113        114        232        113         39         33        178         88         74        171 
        15        123         95        183        154         82        220         57        191         41         27        226        176        168          7        173        161        104         89        250        160         80         16        229          7        246        168        153         12        236        211         29 
        70         66         99          8        140        184        213        148         22         75        193        231         75        249         84        141        148        159         10         38         81        149        237         74        109        227        167         93        239        211         16         85 
       214        207        249        232        166        188        246        115        134        232        181         55         89        196         83        191         48        111        214        217        230        146         74        242         90        182        220        172        133        212        161        197 
       243        155        222        163        156         76         63        200         90        141        138         75        183         77        220        170        234        139        194        242        234        187         79          1        110         23        145        232         78         44         35        151 
       134         55         99        235        216          2         38        212         29         72         62        139        213         16        102          0          0        251         39         34        103         28        221        136        189        228         46        108        201        102          8        113 
        82        232        209        113          1         47          2        184        206         98        170         85         38         26        243          3        111        149        130        210         31        194         55        134        215        136        117         16         85        215         48         95 
       207        214        130        130         77          1        214        197        250        250          8        237         62        129        147        217        210        225         47         27         60        125        219        167         55        126        167        243         88        234         75        253 
        77        104        252        244        156        142        221         26         82         22        221        252        159        170        206         27        179         42         49        174        203         51         55         40         66        249        222        243         92        129        165        174 
        97        206        125        216        138         43         19         67         32        134         87        194        122        199        217         63        234        163         80         77        253        155        222          1         64         80         20         76        219         96        214         93 
        58        199         98         82        241         96         75        199        157         99         61         17        203         97        104        242         49         31         99        147        119         10        189        150        245         24         75        190        229         87        207        252 
        26        234        245        137        101        231        123        145         81        255         49        220         39        115        215        120        160         53        156         84        119         66        167        216         86         36        233        106         66        254        253        232 
       122         79         17        149        185        118        195        104         22        210        225        203        197        118         29          6        188        245         94        215        176        207        101        177         51        252         79        209        229         47         76         12 
        61        127        196         57        168         53         99        237          1        189        176        134         46        147        171        125         15          7        115        253         92        165         89        139        224         54        112         25        169        175        174         58 
       138        205        178        102        102         96        138         29        134         50        141        239         80        151         35         39         66         16         71        193         88        153        255        187        168        110          1        164        145        251        187        151 
