        21        165         90         84         48         53         23        190        119        118        199        178         93        165         99        139 
       175        170        224        134        253        101         95         93        181         33        136        202        125         81        175        116 
       199         84         54        217        201        129        149         40         23        232        143         81        161        186        217        135 
       217        147         31         87        174        200         60        243        102         55         41        169        243         28        179        241 
        24        236        126        136        114        229        106          1         18        180        207         76        252        148        178        174 
         9        118        237         22        209        147         22        239        214         34         63        134         71        150         64          7 
       149        109        214        118        198        147         57        109        253        187        223         57        125         51        189         69 
       229        102        208        189        241         81         12         88        179        181        172         95        212        150         48         34 
        24         15        232        111        194         42        218        123        215        104        208         96          5         33        192         41 
       106        143        103        184        173         59        135         28        138         26         29         51         44         81          9        149 
       239         10        159        190         61        152        227        222         92         61         88        202        146        233          0        142 
       152         68        115        193         32        152        109         63        179         38        216        187         85        139        123         61 
         7        163        192        210         62         17        146         50        180        130        123         70        121        246        106        208 
       105        188         17        179        123        246        198        199         36         49        190        249        144        194         74          8 
       114        237         96        102        130         60        111         88        109        219         64         33         51        181         60         22 
        62        142         77        152         79        189        161         19        212        113        175         53         23        192        168         19 
