        41        116        123         27        174        105        238        111         50         92        197         86         69         27        164         24 
        37         59        118        132         74        216        161        186         27        132         20        188        100        124         68        175 
       253         52         18        177         72        240        180         62        231        237        193        137         36        164         53         92 
       244         60         55        139          9        122        129        247        228         38        150        155        148         90        252        182 
        16        231        211         78        193        186         96        126        198        113         80        255        213         41        148        203 
        94         96         69        182        250        110        189        177        132        234        219         51        149        132         70         53 
        93        207         64         30        200        172         79         21        135         69         88         25         36         60         12         14 
        93         23        204        145         17        242        175        227        242        205        245        137          1        248         11        180 
        12        113        205        188         61        151         44        252         14         34         43        206        154         18         76         92 
       116        193         34        104        109         73         83        221         54         42        125          8        107        239         20        224 
         4        204         65        203          1         26        211        205        167         93         28        150        116        171        198        155 
        97         24         63        106         46        233        185         22        234         14        178        161         40         16        171        128 
       202        171         79        217          9        187         11         42         32         40        105        100        253        239         97        149 
         2        208        224        207        208        207        188        183        195          1        238         24         39        207        200        250 
       135        249          9        231         27        153        103        214        245         26        237        240        121        113        103        234 
       159         90        219        230        212         77         67        221        227         38        226        117        204        151         97        105 
        44         10        153        128        117        208        248        218        187        159         32        158        212        102        133        156 
        32          5        234         13        119         72        185         80        157        129         24        228        235         68         33        164 
       174          9        182          8        220         18        162        115        166        242        189        192         63        108        172         84 
        60        144         89         83         62         15        143        190         13        108        111         39         36        174        124        197 
       199        217         63        115        208        182        136         32        190        233         85         68        118        105         57         98 
        38        214        121        193        105        176        209         48        152         64        234        212        108        207        164        123 
         4        158        159         65         36        143        138         86         27        169         92         25        138         51         15        244 
        69         35        192        253         14          9         21        120        161         65        155        156         78        223        211        241 
       193         71         49        171        141        229        113        130         31        217        136         67         51         65         81        243 
        30        215        238         88         45        207        209        164        163        201        171        141         90        221        205        141 
         3        115        188        112        207        189          6         41         64        209        240        241        116        225        172         56 
       226        142        160         88         85        212        214        140        160        207        252        118        230        200        145         85 
        50         71         98         99        153        113         55        203        128         47         92         45        103        101         15         65 
       133         89        152         89        200        163        218        233         94         58        173        134        154        105        217          0 
       240         47        175        246         88        195        166        232        166        115        204         15        145        247        192         81 
        61        191         18        150         15        240         33        239        137        152        178         40        222         48        114         93 
       154         21        147        187         30         37        101         79         94         17        157        102         23        162        129         53 
       121         13         35         18          8         59          7         86         90        227        217        210        247         42         22         32 
       181        221         52         90         40         85        229         13        161        237        163         40         20        112        219         26 
       129        249        133         93        186        158        239        124        135         52        165        134         53        204        204        107 
       100        173        209         73        129        111          6        170        225        192         24        120        137        149        249         12 
       224        221         43        195        143         52          3         75         34         23         82        182        165        174         13        107 
        43        121        164         47        129        214        136         55        103         10        132        237        140         40        166         16 
       244        221        181        200         57         67        148         37         60        186         73        120        120        207        226        255 
       155        107        114        206        179        165        172        134        133        151         94         70        224         13          8         78 
       237        121         74         74        111        243         73        134        130         95        215        180        171         17        126         43 
       115        221          5        163        202         63        105        174        159         95         59         97        182         88        158        143 
        96        176        244         62        122         22        132        196         69        116        134         68        185         60        124        189 
        99         79        105         56         65        200         79         93         54        153        189        181        172        215        196         49 
        95         93          3         64         99        227        220        227        212        131        131        107        158        230        138        252 
        68         29         85        115        234        145        249         27        184        253         89         67        239        166        176          8 
        33        152         25        250         99         22         89         16         41         76        203         92        213        109        234        213 
         3         46        189        149        156         65        216        185        122        102         33        104        209        197        155        229 
        54         78        220         56         54         46         89        198        156        100        232        187         24         79        246         53 
       241         10        198         37         12          3        149        195        170        243        112          1         20        139         68        158 
       140        150        123        155        218        209         81         61         56         94        132        154         32          9        195        165 
       221          5        131          7         97        208        227        176         45        134        111        251        205        159         54         69 
       111        100        254        226        121         91        174          0        200        137        103        178         90         29         88        187 
       234        255        222        189         14         79        123         69        175        171         11        165          3          9         30          8 
       177        239         64        127         72        213        162        145          0        241        134        107        240        132         55        101 
       202        178        175        182        188        163        100        168        119        101        184         35        205        232        168        177 
        56        174        248        246        215         34        132        176         16        222        211         19        140        160        245        154 
        26        180        128         42        207         44         99        175        114        202        114        146         97        201         61        193 
        81        145          5        100        109        198         72         24        164         23        236        201        197        130          7        238 
       188        132        145         92        167        221        234         94        147        244         83         76         83          6        253        186 
        31         53        245        171         11         12         98         47        158        107         41        229        255        111        100        239 
        64        223         16         81         65        189        167        217        236        105          7        232         49        127         42        193 
        45        188        138         38         40        134        142        201          8         83        202        227        224        239        252        136 
       211        100         49        176        175        166         37        123         98        151        164        125        240         18        159        242 
       231         26        112        152        174        247        128         65         39        180         55        247         43         90        231        139 
        27        186        186        120        199        138         58         18          8         86         78         79        175         70        145        116 
       213        167        124        242        211        208          7          9         80         33        107        235        195         63        234        240 
       199         85         18        144         33        161        172        190        186        197        173         28        115        244         68        132 
       147        207         87         90        239        154        143        212        199         54        214        101        164        128        242        240 
        68         66        236        221        110        222        181         34         84        173        219        225        243         88        234         61 
        61        222        102        124        151        139         91         18        103        118        142        250         27         68        185         53 
       255        162        248        129        231          6        114        233        200         30        126        210        193         12         31        235 
       168         77        194        115        166         89        217        193         25        195        202         96        121        208        200        108 
        45         88         60        250        223        174        173        201        251         37        227        244        212        181         33        183 
       125        134        213         32         99        200         31         30        242        136        109        220        126        136         29         22 
       128         79        168        241        176         82        112        195        154          7         56        104         13          2         71        151 
        71        183        103         33        222         15          6          6          5        140         13        177        236        100         89        217 
        90        217         73        174        139        206        103        176        173        223         81        193        159         66        251        176 
       127        117         48         89        219         79          4        174        225        219         36         71        179         41        120        174 
       152        127        108         66        244        176        194         36        111        120        173         91        241        231        241        106 
        95          6        160         68         33        162        107          5        175        244        205        238         72         24         24        189 
        86        122        196        244        232         73        183         76        153        236         95        255        153        250         47        201 
       185         85        238        219         36        191        149         15        145         85        108        177        146        181         72         83 
         6        123         31         52        102        126        100        239         30         36        197        243         20         34        175         31 
        18        139        225        150        158         47        146        131        105         30        252         49          6        247         46        187 
       220        218        207        162        233        128         23         11        162        176         99        251         81        165        188        236 
       122         31        107        228          8         54        101        143        245        136         64         46        215        227        101         64 
        93        222        201        151        115        139        233        144        205        143         81        157        158        203        156         66 
        22        171         25        185        163         36         11        146        229        208         50        225         68        247        147        253 
       168        107         27        215        173        103        166        239        253        182        219         78         79        174         85        220 
       251         82         37         38        170         98        205        120        179        252        245         19         39        116         29         42 
        88         96         29        117         86         23         95         22        149        110         15         92        164        129        199        103 
        71         68        124        231         24        226         51        101        100        248        169          9         16        144        134        234 
       252        132         59        102        249        250         33         79        169         94         12        159        120        175        145        177 
       127         86         12        158        103        150        133         31        211        123        144        161        206        255         13         54 
        79        157        173        174         31        157        116        184         78        175        168          1         51         61         74        245 
        57        144        135          6        153        144         11        175        240        154         50        225        105        207        198         80 
        45        251        169        200        217        153         10        198        230         93         95        172        219        216        105        194 
       119         28         36        185         32        202        246        134        108         24         49         42        210        196        152        229 
       241         13        138        162        153         63         14        134         82         23          9         10        101        143        252        150 
        51         18        113        180        174        219        176          4        241         24         89        128         91        121        247        179 
       255        160        134        177         51          6         49        203        218        182        145        132         48        127         50        121 
        30         70         95        212        182        110         27         77        150        174        109         32         89        185         46          1 
        19        232         33         79         17        115        116        104         76         75         96         17         61         24        170         82 
       231        119         66        247          6        157        207        200        159         87        232          8         19         73        241         24 
        10         87        159        193         16          7        203        101        221        184        209         99        194         24        149        223 
       240         67        217        213        191        196        171        182         29         99        114        215          6         42        212         56 
       167         75         47        228         34        110         87        196        250        142        107        107        133         20        186         91 
       104        213        203        161        159         23        114         55        162        193         80        163        172          9        133        223 
       212        169        241        127        226        155        145        216         68         14        123         93        146        211         14        182 
       200         78         13        145         21        154         19        157        181        224        133        132          0        235        138        138 
        24        185        184        245        172         34        244        167        112        196        234        113         25        236        235        155 
        11        222         14        252         67         13        206        181        175        131        222        160        146         52        141         57 
       145         22        121        159        177        138        253        168        242        162        159        103        225        232         94        216 
       179         85        119        233        150         33        107         28          7         78        105        191        113        141        248        156 
        74          7        178         45        198        197         69        165         70        180         80         60        197        210         26         14 
        85        216         81        158         80        108        133        240         16        100        203        206        173        179        245         87 
        19        169        156         98        124        208         76        111        140         10        100         58        240        156        121         87 
       159        231        154         56        105        205         48        154        225         14         34        158        248        202          0         78 
       221        157        161         72          5         59        229         57        138        207         89         39        202        114         76         45 
        73        226         67        252        142        239        236        149        248        254         91         90         94         27        195        220 
        77        140        103        227        199         56         72        109         42         87          0         78         48        199        162         74 
       143         39         77         30        187        254        134         71         38        224         87         89         32        136         40        247 
        88        252         60        181        131        146         69         90          2        238        193          8         36         99        201        229 
       242         40         64        229         32        110          3        191        100        250        198         41         13        120         10         31 
       114         69        238          7        180         16          9         75        169         46        172          1         41        189        205        146 
       213         77        133        134         25        145        237         53         28        208        184        232        189         61        138        178 
        64        250        121         37         19        137         77         67        204          0        120        112        193        198         30        129 
       128        208        147        182         83         69        142          3         16         61        135        115         61        198         24         65 
        57        190          7        166        179        209        246        172         96        103        199         85        182        187        223         90 
        64        117         61         82         84        226        199         58         29        146        204        226         94        225        156          5 
        75        142        126        137         26         41         15          7        102        125         37        237         89        143        249        201 
         3        238         85        220        123        109         81         33        201        137         83         97        173         54        221         55 
       106        229         59         48          8         64        206        107         84        120         43        233        192        197         45        129 
        46        162         85         51        244         79        150        126        126         63         60        127         33        245         42         27 
       210         24        185        233        159        137        127        158        250         44         94         70          0        204          7        175 
        66        229        134        187        121         71        186        192        219        191         78         88        124        184        238         93 
       165        251        187         95         68        250         84        237        242         11        105         81         27        212         69        248 
       203        174        161         14        214         41          2        125        123         38         95         70        175          8        219         31 
        47        160        229        219        144        168         81        222        180        139        101         78        206         76         29        239 
        31        208        229        142        127         89        205         85        142         41         45        216        212         58        141        209 
       252        239         72        152        160        178        208        165         51         73        208        208        188        105        177         69 
        86         76         41        209         25        145        166         47        121        157        255        127        175        179        125        241 
        18        119        155        163         16        188         77         21        211         55         92         79        193         30          7        196 
        52        235        188         42        113        205        235         62        233        249         22         33        130        124         90         30 
       249        135        132        104        198         62          7        236         12        250         15        150        163         60         32        151 
       113        206        100          2         11          2         30        131        105        251        148         21        151         55        198        205 
       125        160         30          2         47        201         56         54        120        217        139         43        176        248        230        123 
        89        148        201        152        241         51        118        175        152        154         41        217        156        156          3        192 
       216        210        165        132         89        187        246        109        175        187        146          5          7        159        241        113 
        35        232         79         18         29        160        158          4        181         57         84         47        150        236        108        197 
        97        104         32        226        202        176        130         34        204        148         80        136        180        171        215        126 
       109        153        252         49         42        176         47        193        206        226         38        120        166         21        220        237 
        44        214        152        104         86        161        225        225        240        192        181         99        224        106        242         64 
        40         10         57         62        252         19        238        206        137         76        235        104        162        223         44        146 
       231        220        125         91         19         29         21        154          0         88        100        199        238         99         49        217 
        75        235         34         35        237        174         26        109         46         43        131         91         90         71        201        190 
       248         56        143        250        144         35         10        201        128        240        154         79          7         44         95         49 
        48         45         34         10        150         42        101         83        112         46        118        140         26        237        240        228 
       117        139        127         85         41         36         70         15        231        160        202          1        174        149        156        169 
        22        214         44         61        124        105        150         20         13         27        239        174          5         68        152        243 
       152        242        173        219         24        100        163        178        235         26        170        154         20        233        214         26 
        11        179        219        178        141          1          7        156        150         71        103        219        166        114        160        211 
       154         46        244        241         31        254         71        116         70         99        204         68        184        170        222         74 
       253          9        171        179        107        237        123        222        215        219        116         94        156        225         78         88 
       106        239         34        183        122        236        180        200        149         53        241         97         63        250        141        238 
       215        244        250        217        219         94         42         65        152        228        134        125         26        210         44        129 
        85        112         94        123        168        109         24        220         83        168         66        181         35        176         47        164 
       248        167         27        199         52        203          0        239          0          0         11         75         11        230        184        192 
       252         40        176         29         25        120         70        136        162        221        158         44        125         69         31        240 
       105        133         44        183        132         36        192        103          7        216        149         43         14        206        225        235 
         9        106        250          4        113         83         27        199        132        251        230         88         36         66        198        240 
        92         73         31         32        119         99        216        143         28        159        104         12         78        234        208        138 
        40        189        119         90         63        121         72         66        238        131        121        180        142        181        142        222 
       182        168        229        173         47        136          1         30        179        132        206         25         73        164        165        117 
        45         76         47        131         69        240        252         33          1        116         11        231        130        232        150        158 
        55        251        116         18        187        172        116        201        229        205        226        132         15         93         54         20 
       142        104         62        103        167        131        248         32        158         29         14        130         99         39        148         48 
        67        242        195         27         97         78        132        147        218        171         58        158         23        140        134        249 
        26         15        181         78        215        193        243         42        150         69        180        202        246        167        163        203 
       210         88        154         73        222        201        137         54        176        120        226         97        117        167        250         56 
        54         12         30         80        124        120         39        156        163         36         40         14         93        115         55         15 
       153        247        171        104        132         16         36        147        117         94         30         15        207        246        184         48 
       196        178        100        183        199        128         98        135        161        144          7        136         49         82        206        251 
       177        220        193        156         87         75        239          0        232         56         34        196         10         59          5         41 
       201        252        198         19        124        134        113         49        186         29        186        177        221        236         31         71 
       239        251        115        162        231        227         35         60        218        247         60         70        109        143         97         85 
        75         28        130         34        165          1          3        106         10        251         41        239        245         54        120        214 
       118          8         85         20        202        173        141        212        242        113         29         82        188        135         73        247 
       162        112         23         80        153        195        251         16        210          0        100        138         43        146        185        191 
       194         97        239        229        129        144        170        212        202         55         54        214        106        213         74        225 
       136        123        204        177         70        128         22          6         67        129         76        251        186        225        190        255 
       127        201        159        142         59        137        250        107         86         40        103         30        131        212         27        107 
       196        106        215        122        223        228         69          9         80          6        189        243         63        152        221        195 
       201         44        244         84        225          9         76        130        219        192        135        199         32         59        239        148 
       223        126         77         27        171        223         58        113        177         47        120        251        250        230        178        176 
       135        207        170        194        109         67        124        116        110         64         98        232        162         11        241        181 
        76         39         49        155         26        155         24        145        146        199         67         28        244        161        191        125 
       172        225         53        225        128        111         60         47        237        141        145        188         25        158        190         26 
       150         70        235        203        153        118         88        191         48         11        172        156        237         11        187        107 
        66        127         67        158        175        207        124          5         27         34        214        175        143        233        183        226 
       203        168         50        124        188         47         58        163         23        162         33        185         48         79         25        239 
        75         73         50         87         31        161         56         97         58        215        165        200        114        212        214        159 
       176         88         56         23         75        169         47        132         48        231         82        115         96        130         74         55 
       103        203        164        137        158         35         31        238        107        156        141        232        210         99         41        214 
        76         44         61        205        160        150         14        153         42        187         92        222         93        241        207         84 
       239        122        114         67         99         37          5        138        209        166        150        217        144         38          1        136 
        77        224        110         68        228        132          8        172         94        165         18        153        179         14        237         62 
        63        186         97         47        213        112         98         16        166        205        204        177        218         11        215         45 
        22         27        163         65        113        155        235        135        115        188         47        170         21        240        230         22 
       229        171         32         64        239        160         95         52         40          6         91        122         34         19        237        185 
       223         64        247        108         78        241        107        155         53         74         20        106        184        172         71        225 
        47         52         37         70         10        113          0        110        191        119        222         92        222         11         30         13 
       141        135         55         88        137        237         32         91        230        202        226        130        238        243        222         90 
         2         94         78         63        253         73        207        161        106         63        139        201        192         19         33        102 
        74        111         11         66        163         91        241         97         38        174        217        250         76        242        108        217 
       181         97         30        219        150        154        242        237        137         24         14        148        155         63         22        234 
       107        155        233        132        163        222        178        234        104         16        103        217        233        162        242        153 
       139        228        133         41         62         45        204        195        137        119        184        251        170         99        134        180 
       124        228        159        102         50        120         59        105         98        102         28         99        233         27         88        175 
       150        204         73         64        137         88        157        192        103        165        215        223         56         64        162        231 
       144        179        212         69        198        184        113        134        142         79         95        232        104        254        208        135 
       139         88        180        206         79        253        241         83        162        148        246         35         61        121        235          8 
       227        193        200        100        172        153         91        211        114        185        189         79        227        178        179        186 
        34         76         28          1         93        127         69        123        106        159        166        152          1         35        206         76 
       157        144        217        201          0          0          9         85         32         39         29         86        165          9        224        122 
       106         83        160         36        133        119        178         41        220         34        118        143         25         85         20        186 
        30        237        184         34        218        188        185         42         86        121        104         72         56        234        249         48 
       100         44        225        251         92         15        212         18        233         24        119         79        214          7         76        133 
        25        146        159         54         25        204        252        163        131        103         33        205         15         59         33         68 
       179         44        114         73        190        247         42        129        139         59        154        162         29        107         45        163 
       129        151         38        109        216        123        216        171        217        218         60        118        166        254         52         11 
       251        132        250        151        103         98        156        131         69        171         17        252        108        101        200         16 
        41        221        165        173         31        134         27        253        249        193        163         31        122         35        198        178 
       215         96        173          5        129         34         25         92         97        170         22        253        151         92        104        136 
        78        130        186        195         37         32        194         92        139         51        188          7        202        166        192        215 
       249         57        129        224         45         40        230          1         93         95         46        241        107         84         16         37 
       236        119        204         95         36         67         68          8        227         55        130        227        114        241          0          7 
       245        123         91        164        241        242        115        137         54         41        242         57        128        102         59         19 
       133        163        199        206        106        119         86         90        207         64        134         46        121         77        221        146 
        12        235         26        212        183         85        170         59        200         37          5         39        212         74         53        117 
       184         30         98         60        171        109        118         93         88         22        116        141         73        167         25         45 
       135        119        124         43        245         89        100        107        102         20         26         47        129        129        106         15 
       109        224        142        151        140        162         43        158        239         48        253        220        246         26        238         60 
        74        194         14        227         96        255         77         27         64        151        194        224         91        107        230        237 
       166         91         37        192          4         80        199         95         60        125         46         81        132         91        249        130 
       182         31        111         43        109        140        100         76        218         31        135        191        247        221        145         77 
         9         81        248         87        136        122        199        112        188         32        129        189         90         13        184        186 
       160         95          9          6         24         24         79         20         65         73         65        248         44         39        140        193 
       155         80         78        186         32         68        250          4        187          4         85        242         45         23         22        232 
        96         42        190        142        101         36        143         35        124         27        157        235        108        169          7         64 
        81        209        156        199        166        164        143         21        154         55        248         57         89         80        115        246 
        10         55        105         62        177          3        134        157        106        123         83        196         29         67        235        215 
        25        234        180        145         45        234        253        221        157        198        195        101        208        162        254        176 
        47        138        145         99        211        153        131         92        196        225        179        218        181        119        206        226 
